REKUR/basedata/East-Europe.asc
ncols         590
nrows         258
xllcorner     -2864291
yllcorner     200792
cellsize      10000
NODATA_value  -9999
[rows 81 to 107 of 258, columns 248 to 309 of 590]
4.8835 5.017974 5.152483 5.287024 5.421597 5.556201 5.690835 5.825499 5.960191 6.09491 6.229655 6.364427 6.499222 6.634042 6.768884 6.903749 7.038634 7.173539 7.308464 7.443407 7.578367 7.713344 7.848336 7.983343 8.118363 8.253397 8.388442 8.523499 8.658566 8.79364 8.928724 9.063815 9.198913 9.334016 9.469123 9.604234 9.739347 9.874463 10.00958 10.1447 10.27981 10.41492 10.55003 10.68514 10.82024 10.95534 11.09043 11.22551 11.36059 11.49565 11.63071 11.76575 11.90078 12.0358 12.17081 12.3058 12.44077 12.57573 12.71067 12.84559 12.98049 13.11538
4.892894 5.027123 5.161386 5.295681 5.430009 5.564367 5.698755 5.833172 5.967617 6.102089 6.236588 6.371112 6.505661 6.640233 6.774828 6.909445 7.044083 7.178741 7.313417 7.448112 7.582824 7.717553 7.852297 7.987056 8.121828 8.256613 8.39141 8.526217 8.661036 8.795862 8.930697 9.065539 9.200388 9.335242 9.4701 9.604963 9.739828 9.874694 10.00956 10.14443 10.2793 10.41416 10.54902 10.68388 10.81873 10.95358 11.08842 11.22326 11.35808 11.4929 11.6277 11.7625 11.89728 12.03205 12.16681 12.30155 12.43628 12.57099 12.70568 12.84035 12.97501 13.10964
4.902254 5.036239 5.170257 5.304307 5.43839 5.572503 5.706645 5.840817 5.975016 6.109243 6.243495 6.377774 6.512076 6.646402 6.78075 6.915121 7.049511 7.183922 7.318352 7.4528 7.587265 7.721747 7.856244 7.990755 8.125279 8.259817 8.394366 8.528927 8.663497 8.798076 8.932663 9.067258 9.201859 9.336464 9.471075 9.605689 9.740306 9.874925 10.00954 10.14416 10.27878 10.4134 10.54801 10.68262 10.81723 10.95183 11.08642 11.22101 11.35559 11.49015 11.62471 11.75926 11.8938 12.02832 12.16283 12.29732 12.4318 12.56627 12.70071 12.83514 12.96955 13.10393
4.911579 5.045321 5.179095 5.312901 5.44674 5.580608 5.714507 5.848433 5.982388 6.11637 6.250378 6.38441 6.518467 6.652548 6.786651 6.920775 7.054921 7.189085 7.323269 7.457471 7.59169 7.725925 7.860176 7.994441 8.128719 8.26301 8.397312 8.531626 8.665949 8.800282 8.934622 9.068969 9.203323 9.337682 9.472046 9.606413 9.740783 9.875154 10.00953 10.1439 10.27827 10.41264 10.54701 10.68137 10.81573 10.95008 11.08443 11.21877 11.3531 11.48742 11.62173 11.75603 11.89032 12.0246 12.15886 12.29311 12.42734 12.56156 12.69576 12.82994 12.9641 13.09824
4.92087 5.054369 5.187901 5.321465 5.45506 5.588685 5.722339 5.856022 5.989733 6.123471 6.257235 6.391023 6.524836 6.658672 6.79253 6.92641 7.06031 7.19423 7.328168 7.462125 7.596099 7.730089 7.864093 7.998113 8.132146 8.266191 8.400248 8.534315 8.668392 8.802479 8.936573 9.070675 9.204782 9.338895 9.473013 9.607134 9.741258 9.875383 10.00951 10.14364 10.27776 10.41188 10.546 10.68012 10.81423 10.94834 11.08244 11.21653 11.35062 11.4847 11.61876 11.75282 11.88686 12.02089 12.15491 12.28891 12.4229 12.55687 12.69082 12.82476 12.95868 13.09258
4.930128 5.063385 5.196675 5.329996 5.463349 5.596732 5.730144 5.863584 5.997052 6.130546 6.264067 6.397612 6.531181 6.664773 6.798388 6.932023 7.06568 7.199355 7.33305 7.466762 7.600492 7.734237 7.867997 8.001772 8.135559 8.26936 8.403172 8.536994 8.670827 8.804668 8.938518 9.072373 9.206236 9.340104 9.473976 9.607852 9.741731 9.87561 10.00949 10.14337 10.27725 10.41113 10.54501 10.67888 10.81275 10.94661 11.08046 11.21431 11.34815 11.48198 11.6158 11.74961 11.88341 12.0172 12.15097 12.28473 12.41847 12.5522 12.68591 12.8196 12.95327 13.08693
4.939353 5.072368 5.205417 5.338497 5.471608 5.604749 5.737919 5.871118 6.004344 6.137596 6.270874 6.404176 6.537503 6.670852 6.804224 6.937616 7.07103 7.204462 7.337913 7.471382 7.604868 7.738369 7.871886 8.005417 8.138961 8.272517 8.406085 8.539664 8.673252 8.806849 8.940454 9.074066 9.207685 9.341309 9.474936 9.608568 9.742202 9.875838 10.00947 10.14311 10.27675 10.41038 10.54401 10.67764 10.81126 10.94488 11.07849 11.21209 11.34569 11.47928 11.61285 11.74642 11.87998 12.01352 12.14705 12.28056 12.41406 12.54754 12.68101 12.81446 12.94789 13.0813
4.948543 5.081319 5.214127 5.346967 5.479837 5.612738 5.745667 5.878624 6.011609 6.144619 6.277656 6.410717 6.543801 6.676909 6.810039 6.943189 7.07636 7.20955 7.342759 7.475985 7.609228 7.742487 7.875761 8.009048 8.14235 8.275663 8.408988 8.542324 8.675669 8.809023 8.942385 9.075753 9.209128 9.342508 9.475893 9.609282 9.742672 9.876064 10.00946 10.14285 10.27624 10.40963 10.54302 10.6764 10.80978 10.94316 11.07653 11.20989 11.34324 11.47658 11.60992 11.74324 11.87655 12.00985 12.14314 12.27641 12.40967 12.54291 12.67613 12.80934 12.94252 13.07569
4.9577 5.090237 5.222806 5.355406 5.488037 5.620697 5.753386 5.886103 6.018847 6.151618 6.284413 6.417234 6.550077 6.682944 6.815832 6.948742 7.081671 7.21462 7.347587 7.480572 7.613573 7.74659 7.879622 8.012668 8.145727 8.278798 8.41188 8.544974 8.678077 8.811189 8.944307 9.077434 9.210567 9.343704 9.476846 9.609992 9.743139 9.876289 10.00944 10.14259 10.27574 10.40889 10.54203 10.67517 10.80831 10.94144 11.07457 11.20769 11.3408 11.4739 11.60699 11.74007 11.87314 12.0062 12.13924 12.27227 12.40529 12.53829 12.67127 12.80423 12.93718 13.07011
4.966825 5.099123 5.231453 5.363815 5.496206 5.628628 5.761078 5.893556 6.02606 6.158591 6.291147 6.423727 6.556331 6.688957 6.821605 6.954274 7.086963 7.219671 7.352398 7.485142 7.617902 7.750678 7.883469 8.016273 8.149092 8.281921 8.414762 8.547614 8.680476 8.813346 8.946223 9.079108 9.211999 9.344895 9.477796 9.6107 9.743606 9.876514 10.00942 10.14233 10.27524 10.40815 10.54105 10.67395 10.80684 10.93973 11.07262 11.20549 11.33836 11.47122 11.60407 11.73691 11.86974 12.00256 12.13536 12.26815 12.40092 12.53368 12.66642 12.79915 12.93185 13.06454
4.975916 5.107977 5.240069 5.372193 5.504347 5.63653 5.768742 5.90098 6.033247 6.165539 6.297856 6.430197 6.562562 6.694949 6.827357 6.959786 7.092236 7.224704 7.357191 7.489695 7.622215 7.754751 7.887302 8.019866 8.152444 8.285033 8.417634 8.550245 8.682866 8.815495 8.948133 9.080777 9.213428 9.346083 9.478742 9.611405 9.74407 9.876738 10.00941 10.14207 10.27474 10.40741 10.54007 10.67273 10.80538 10.93803 11.07067 11.20331 11.33594 11.46856 11.60117 11.73377 11.86636 11.99893 12.13149 12.26404 12.39658 12.52909 12.6616 12.79408 12.92655 13.05899
4.984975 5.116799 5.248654 5.380541 5.512458 5.644403 5.776378 5.908379 6.040407 6.172462 6.30454 6.436644 6.568769 6.700918 6.833088 6.965279 7.09749 7.229719 7.361967 7.494232 7.626513 7.75881 7.891121 8.023446 8.155784 8.288135 8.420495 8.552867 8.685248 8.817637 8.950035 9.082439 9.214849 9.347265 9.479685 9.612108 9.744534 9.876961 10.00939 10.14182 10.27424 10.40667 10.53909 10.67151 10.80393 10.93634 11.06874 11.20113 11.33352 11.4659 11.59827 11.73063 11.86298 11.99532 12.12764 12.25995 12.39224 12.52452 12.65679 12.78903 12.92126 13.05347
4.994001 5.125589 5.257209 5.388859 5.520539 5.652249 5.783986 5.915751 6.047542 6.179359 6.311201 6.443067 6.574955 6.706866 6.838799 6.970752 7.102725 7.234716 7.366725 7.498752 7.630795 7.762854 7.894926 8.027013 8.159112 8.291224 8.423347 8.555479 8.687621 8.819772 8.95193 9.084096 9.216267 9.348443 9.480624 9.612808 9.744994 9.877183 10.00937 10.14156 10.27375 10.40594 10.53812 10.6703 10.80247 10.93464 11.06681 11.19897 11.33112 11.46326 11.59539 11.72751 11.85962 11.99172 12.1238 12.25587 12.38793 12.51997 12.65199 12.784 12.91599 13.04796
5.002995 5.134347 5.265732 5.397147 5.528592 5.660066 5.791567 5.923096 6.054652 6.186232 6.317838 6.449467 6.581119 6.712793 6.844489 6.976205 7.107941 7.239695 7.371467 7.503256 7.635062 7.766882 7.898718 8.030567 8.162429 8.294302 8.426187 8.558082 8.689986 8.821898 8.953819 9.085746 9.217679 9.349618 9.48156 9.613506 9.745454 9.877404 10.00935 10.14131 10.27326 10.4052 10.53715 10.66909 10.80103 10.93296 11.06489 11.19681 11.32872 11.46062 11.59251 11.7244 11.85627 11.98813 12.11998 12.25181 12.38363 12.51543 12.64722 12.77899 12.91074 13.04247
5.011956 5.143075 5.274225 5.405406 5.536616 5.667855 5.799121 5.930415 6.061735 6.19308 6.32445 6.455844 6.587261 6.718699 6.850159 6.981638 7.113138 7.244656 7.376192 7.507744 7.639313 7.770897 7.902496 8.034108 8.165732 8.297369 8.429017 8.560675 8.692342 8.824018 8.955701 9.087391 9.219087 9.350787 9.482492 9.614202 9.745913 9.877625 10.00934 10.14105 10.27276 10.40447 10.53618 10.66789 10.79959 10.93128 11.06297 11.19465 11.32633 11.45799 11.58965 11.7213 11.85293 11.98455 12.11617 12.24776 12.37934 12.51091 12.64246 12.77399 12.90551 13.03701
5.020885 5.151771 5.282688 5.413635 5.544611 5.675616 5.806649 5.937708 6.068794 6.199904 6.33104 6.462198 6.59338 6.724583 6.855808 6.987052 7.118316 7.249599 7.380899 7.512217 7.643549 7.774898 7.90626 8.037637 8.169025 8.300426 8.431837 8.563259 8.69469 8.826129 8.957576 9.089029 9.220489 9.351954 9.483422 9.614894 9.746368 9.877845 10.00932 10.1408 10.27227 10.40375 10.53522 10.66669 10.79815 10.92961 11.06106 11.19251 11.32395 11.45538 11.5868 11.71821 11.84961 11.98099 12.11237 12.24373 12.37507 12.5064 12.63772 12.76902 12.9003 13.03156
5.029783 5.160436 5.29112 5.421834 5.552577 5.68335 5.814149 5.944975 6.075827 6.206704 6.337605 6.46853 6.599477 6.730447 6.861437 6.992447 7.123477 7.254524 7.38559 7.516672 7.64777 7.778884 7.910011 8.041152 8.172306 8.303472 8.434648 8.565833 8.697029 8.828233 8.959444 9.090662 9.221886 9.353115 9.484348 9.615584 9.746823 9.878063 10.00931 10.14055 10.27179 10.40302 10.53426 10.66549 10.79672 10.92794 11.05916 11.19037 11.32157 11.45277 11.58395 11.71513 11.84629 11.97744 12.10858 12.23971 12.37082 12.50191 12.633 12.76406 12.8951 13.02613
5.038649 5.16907 5.299522 5.430005 5.560516 5.691055 5.821622 5.952216 6.082835 6.213479 6.344147 6.474839 6.605553 6.736289 6.867046 6.997822 7.128618 7.259432 7.390264 7.521112 7.651977 7.782856 7.913749 8.044656 8.175574 8.306505 8.437448 8.568399 8.69936 8.830329 8.961306 9.092289 9.223278 9.354272 9.485271 9.616272 9.747276 9.878282 10.00929 10.14029 10.2713 10.4023 10.5333 10.6643 10.7953 10.92628 11.05727 11.18824 11.31921 11.45017 11.58112 11.71206 11.84299 11.97391 12.10481 12.2357 12.36658 12.49744 12.62829 12.75912 12.88993 13.02072
5.047483 5.177674 5.307895 5.438146 5.568426 5.698734 5.829069 5.959431 6.089818 6.22023 6.350667 6.481126 6.611608 6.742111 6.872634 7.003179 7.133741 7.264323 7.394921 7.525537 7.656168 7.786813 7.917473 8.048146 8.178832 8.309529 8.440237 8.570955 8.701682 8.832417 8.963161 9.09391 9.224666 9.355426 9.48619 9.616958 9.747727 9.878499 10.00927 10.14004 10.27081 10.40158 10.53235 10.66312 10.79388 10.92463 11.05538 11.18612 11.31685 11.44758 11.5783 11.709 11.8397 11.97038 12.10105 12.23171 12.36236 12.49298 12.6236 12.75419 12.88477 13.01533
5.056286 5.186247 5.316238 5.446259 5.576308 5.706385 5.836489 5.96662 6.096776 6.226957 6.357162 6.48739 6.61764 6.747911 6.878203 7.008515 7.138846 7.269196 7.399562 7.529945 7.660343 7.790757 7.921184 8.051624 8.182077 8.312542 8.443017 8.573503 8.703997 8.834499 8.965009 9.095526 9.226048 9.356575 9.487105 9.61764 9.748178 9.878716 10.00925 10.13979 10.27033 10.40087 10.5314 10.66193 10.79246 10.92298 11.0535 11.18401 11.31451 11.445 11.57548 11.70596 11.83642 11.96687 12.09731 12.22774 12.35815 12.48854 12.61892 12.74929 12.87963 13.00996
5.065058 5.194789 5.324551 5.454342 5.584162 5.714009 5.843884 5.973784 6.10371 6.23366 6.363635 6.493632 6.623651 6.753692 6.883753 7.013834 7.143933 7.274051 7.404186 7.534338 7.664505 7.794686 7.924882 8.055091 8.185311 8.315544 8.445787 8.57604 8.706303 8.836573 8.966851 9.097135 9.227425 9.357719 9.488019 9.61832 9.748626 9.878931 10.00924 10.13955 10.26985 10.40016 10.53046 10.66076 10.79105 10.92134 11.05162 11.1819 11.31217 11.44243 11.57268 11.70292 11.83315 11.96337 12.09358 12.22377 12.35395 12.48412 12.61427 12.7444 12.87452 13.00461
5.073799 5.203302 5.332835 5.462397 5.591988 5.721606 5.851251 5.980922 6.110619 6.24034 6.370084 6.499852 6.629641 6.759451 6.889282 7.019133 7.149002 7.27889 7.408794 7.538714 7.668651 7.798602 7.928566 8.058544 8.188535 8.318536 8.448548 8.578569 8.708601 8.838639 8.968686 9.098739 9.228797 9.358861 9.488928 9.618999 9.749072 9.879147 10.00922 10.1393 10.26937 10.39944 10.52952 10.65958 10.78964 10.9197 11.04975 11.1798 11.30984 11.43987 11.56989 11.6999 11.8299 11.95989 12.08986 12.21983 12.34977 12.47971 12.60963 12.73953 12.86941 12.99928
5.082509 5.211784 5.341089 5.470424 5.599786 5.729176 5.858593 5.988036 6.117503 6.246995 6.376511 6.506049 6.63561 6.765191 6.894793 7.024414 7.154053 7.28371 7.413385 7.543076 7.672782 7.802503 7.932238 8.061986 8.191746 8.321517 8.451299 8.58109 8.710891 8.840699 8.970514 9.100337 9.230165 9.359998 9.489835 9.619675 9.749516 9.879361 10.00921 10.13905 10.26889 10.39874 10.52858 10.65841 10.78824 10.91807 11.04789 11.17771 11.30752 11.43731 11.5671 11.69689 11.82665 11.95641 12.08616 12.21589 12.34561 12.47531 12.605 12.73468 12.86433 12.99397
5.091188 5.220236 5.349315 5.478422 5.607557 5.73672 5.865909 5.995124 6.124363 6.253628 6.382915 6.512225 6.641557 6.77091 6.900283 7.029675 7.159086 7.288515 7.417961 7.547422 7.676899 7.806391 7.935896 8.065414 8.194945 8.324487 8.45404 8.583601 8.713172 8.842751 8.972337 9.10193 9.231527 9.361131 9.490738 9.620348 9.74996 9.879575 10.00919 10.1388 10.26842 10.39803 10.52764 10.65725 10.78685 10.91645 11.04604 11.17562 11.3052 11.43477 11.56433 11.69388 11.82342 11.95295 12.08247 12.21197 12.34146 12.47094 12.6004 12.72984 12.85926 12.98867
5.099837 5.228659 5.357511 5.486392 5.615301 5.744236 5.873199 6.002187 6.1312 6.260237 6.389297 6.518379 6.647484 6.776609 6.905754 7.034918 7.164102 7.293302 7.42252 7.551753 7.681002 7.810265 7.939542 8.068832 8.198133 8.327447 8.45677 8.586103 8.715446 8.844795 8.974153 9.103517 9.232885 9.36226 9.491637 9.621018 9.750402 9.879787 10.00917 10.13856 10.26794 10.39733 10.52671 10.65609 10.78546 10.91483 11.04419 11.17355 11.30289 11.43224 11.56157 11.69089 11.8202 11.9495 12.07879 12.20806 12.33733 12.46657 12.5958 12.72502 12.85422 12.9834
5.108455 5.237052 5.365679 5.494334 5.623017 5.751727 5.880463 6.009225 6.138012 6.266822 6.395656 6.524512 6.653389 6.782288 6.911206 7.040143 7.169099 7.298072 7.427063 7.556069 7.68509 7.814126 7.943175 8.072237 8.201311 8.330397 8.459492 8.588597 8.717711 8.846833 8.975962 9.105098 9.234239 9.363384 9.492535 9.621687 9.750842 9.879999 10.00916 10.13831 10.26747 10.39663 10.52578 10.65493 10.78407 10.91321 11.04235 11.17148 11.3006 11.42971 11.55881 11.68791 11.81699 11.94606 12.07512 12.20417 12.33321 12.46222 12.59123 12.72022 12.84919 12.97814
5.117043 5.245416 5.373817 5.502248 5.630706 5.759191 5.887702 6.016239 6.1448 6.273385 6.401993 6.530623 6.659274 6.787947 6.916639 7.04535 7.174079 7.302826 7.43159 7.560369 7.689164 7.817973 7.946795 8.07563 8.204477 8.333335 8.462204 8.591082 8.719969 8.848864 8.977765 9.106673 9.235587 9.364506 9.493428 9.622354 9.751281 9.880211 10.00914 10.13807 10.267 10.39593 10.52485 10.65377 10.78269 10.91161 11.04051 11.16941 11.29831 11.42719 11.55607 11.68494 11.81379 11.94264 12.07147 12.20029 12.3291 12.45789 12.58667 12.71543 12.84418 12.9729
