REKUR/basedata/East-Europe.asc
ncols         590
nrows         258
xllcorner     -2864291
yllcorner     200792
cellsize      10000
NODATA_value  -9999
[rows 216 to 242 of 258, columns 310 to 371 of 590]
12.60261 12.71064 12.81865 12.92665 13.03464 13.14262 13.25058 13.35853 13.46646 13.57438 13.68228 13.79017 13.89804 14.00589 14.11373 14.22155 14.32935 14.43713 14.54489 14.65263 14.76036 14.86806 14.97574 15.0834 15.19103 15.29865 15.40624 15.51381 15.62135 15.72887 15.83637 15.94384 16.05128 16.1587 16.26609 16.37345 16.48079 16.5881 16.69538 16.80263 16.90985 17.01705 17.12421 17.23134 17.33844 17.44551 17.55255 17.65956 17.76653 17.87347 17.98037 18.08724 18.19408 18.30088 18.40765 18.51438 18.62107 18.72773 18.83435 18.94093 19.04748 19.15398
12.59878 12.70664 12.8145 12.92234 13.03017 13.13799 13.24579 13.35358 13.46136 13.56912 13.67686 13.78459 13.8923 14 14.10768 14.21534 14.32298 14.4306 14.53821 14.64579 14.75335 14.8609 14.96842 15.07592 15.1834 15.29086 15.39829 15.5057 15.61309 15.72045 15.82779 15.93511 16.04239 16.14965 16.25689 16.3641 16.47128 16.57843 16.68556 16.79265 16.89972 17.00676 17.11377 17.22074 17.32769 17.4346 17.54149 17.64834 17.75516 17.86194 17.96869 18.07541 18.18209 18.28874 18.39535 18.50193 18.60847 18.71498 18.82144 18.92787 19.03426 19.14062
12.59495 12.70266 12.81036 12.91804 13.02571 13.13337 13.24102 13.34865 13.45627 13.56387 13.67145 13.77903 13.88658 13.99412 14.10164 14.20914 14.31662 14.42409 14.53154 14.63896 14.74637 14.85376 14.96112 15.06847 15.17579 15.28309 15.39037 15.49762 15.60485 15.71206 15.81924 15.9264 16.03353 16.14064 16.24772 16.35477 16.4618 16.56879 16.67576 16.78271 16.88962 16.9965 17.10335 17.21018 17.31697 17.42373 17.53046 17.63715 17.74382 17.85045 17.95705 18.06361 18.17014 18.27663 18.38309 18.48952 18.59591 18.70226 18.80857 18.91485 19.02109 19.12729
12.59114 12.69869 12.80623 12.91375 13.02127 13.12877 13.23626 13.34373 13.45119 13.55863 13.66606 13.77348 13.88087 13.98825 14.09562 14.20296 14.31029 14.4176 14.52489 14.63216 14.73941 14.84664 14.95385 15.06104 15.1682 15.27535 15.38247 15.48957 15.59664 15.70369 15.81072 15.91772 16.0247 16.13165 16.23857 16.34547 16.45234 16.55919 16.666 16.77279 16.87954 16.98627 17.09297 17.19964 17.30628 17.41288 17.51946 17.626 17.73251 17.83899 17.94543 18.05185 18.15822 18.26456 18.37087 18.47714 18.58338 18.68958 18.79574 18.90187 19.00796 19.11401
12.58734 12.69473 12.80211 12.90948 13.01684 13.12418 13.23151 13.33883 13.44613 13.55342 13.66069 13.76794 13.87519 13.98241 14.08961 14.1968 14.30397 14.41113 14.51826 14.62537 14.73247 14.83954 14.9466 15.05363 15.16064 15.26763 15.37459 15.48154 15.58846 15.69535 15.80222 15.90907 16.01589 16.12269 16.22946 16.3362 16.44291 16.5496 16.65626 16.7629 16.8695 16.97607 17.08262 17.18913 17.29562 17.40207 17.50849 17.61488 17.72124 17.82756 17.93386 18.04012 18.14634 18.25253 18.35868 18.4648 18.57089 18.67694 18.78295 18.88892 18.99486 19.10076
12.58354 12.69078 12.798 12.90522 13.01242 13.1196 13.22678 13.33394 13.44108 13.54821 13.65533 13.76243 13.86951 13.97658 14.08363 14.19066 14.29768 14.40467 14.51165 14.61861 14.72555 14.83247 14.93936 15.04624 15.1531 15.25993 15.36674 15.47353 15.58029 15.68703 15.79375 15.90044 16.00711 16.11375 16.22036 16.32695 16.43351 16.54005 16.64655 16.75303 16.85948 16.9659 17.0723 17.17866 17.28499 17.39129 17.49756 17.60379 17.71 17.81617 17.92231 18.02842 18.13449 18.24053 18.34653 18.4525 18.55843 18.66433 18.77019 18.87601 18.9818 19.08755
12.57976 12.68684 12.79391 12.90097 13.00801 13.11504 13.22206 13.32906 13.43605 13.54303 13.64998 13.75693 13.86386 13.97077 14.07766 14.18454 14.2914 14.39824 14.50506 14.61186 14.71865 14.82541 14.93215 15.03887 15.14557 15.25225 15.35891 15.46554 15.57215 15.67874 15.7853 15.89184 15.99835 16.10484 16.2113 16.31773 16.42414 16.53052 16.63688 16.7432 16.8495 16.95576 17.062 17.16821 17.27439 17.38054 17.48665 17.59274 17.69879 17.80481 17.9108 18.01676 18.12268 18.22856 18.33442 18.44023 18.54601 18.65176 18.75747 18.86314 18.96878 19.07438
12.57599 12.68292 12.78983 12.89673 13.00362 13.11049 13.21735 13.3242 13.43103 13.53785 13.64466 13.75144 13.85822 13.96497 14.07171 14.17843 14.28514 14.39182 14.49849 14.60514 14.71177 14.81837 14.92496 15.03153 15.13807 15.2446 15.3511 15.45758 15.56403 15.67047 15.77688 15.88326 15.98962 16.09595 16.20226 16.30854 16.41479 16.52102 16.62722 16.7334 16.83954 16.94566 17.05174 17.1578 17.26382 17.36982 17.47578 17.58172 17.68762 17.79349 17.89932 18.00513 18.1109 18.21663 18.32233 18.428 18.53363 18.63923 18.74479 18.85031 18.95579 19.06124
12.57224 12.679 12.78576 12.8925 12.99924 13.10596 13.21266 13.31935 13.42603 13.53269 13.63934 13.74598 13.85259 13.95919 14.06578 14.17235 14.27889 14.38543 14.49194 14.59843 14.70491 14.81136 14.91779 15.02421 15.1306 15.23697 15.34332 15.44964 15.55594 15.66222 15.76848 15.87471 15.98091 16.08709 16.19325 16.29938 16.40548 16.51155 16.6176 16.72362 16.82961 16.93557 17.04151 17.14741 17.25329 17.35913 17.46494 17.57072 17.67648 17.78219 17.88788 17.99353 18.09915 18.20473 18.31029 18.4158 18.52128 18.62673 18.73214 18.83751 18.94285 19.04815
12.56849 12.6751 12.7817 12.88829 12.99487 13.10143 13.20798 13.31452 13.42104 13.52755 13.63405 13.74052 13.84699 13.95343 14.05986 14.16628 14.27267 14.37905 14.4854 14.59174 14.69806 14.80436 14.91064 15.0169 15.12314 15.22936 15.33555 15.44172 15.54787 15.654 15.7601 15.86618 15.97223 16.07826 16.18426 16.29024 16.39618 16.50211 16.608 16.71387 16.81971 16.92552 17.03131 17.13706 17.24278 17.34847 17.45414 17.55976 17.66537 17.77093 17.87647 17.98197 18.08744 18.19287 18.29827 18.40364 18.50897 18.61427 18.71953 18.82475 18.92994 19.03509
12.56475 12.67121 12.77766 12.88409 12.99051 13.09692 13.20332 13.3097 13.41607 13.52242 13.62876 13.73509 13.8414 13.94769 14.05396 14.16022 14.26646 14.37269 14.47889 14.58508 14.69124 14.79739 14.90352 15.00962 15.11571 15.22177 15.32781 15.43383 15.53983 15.6458 15.75175 15.85767 15.96357 16.06945 16.1753 16.28112 16.38692 16.49269 16.59844 16.70415 16.80984 16.9155 17.02113 17.12673 17.23231 17.33785 17.44336 17.54884 17.65429 17.7597 17.86509 17.97044 18.07576 18.18104 18.28629 18.39151 18.49669 18.60184 18.70695 18.81203 18.91706 19.02207
12.56103 12.66733 12.77362 12.8799 12.98617 13.09243 13.19867 13.3049 13.41111 13.51731 13.6235 13.72967 13.83582 13.94196 14.04808 14.15419 14.26028 14.36635 14.4724 14.57843 14.68444 14.79044 14.89641 15.00236 15.10829 15.2142 15.32009 15.42596 15.5318 15.63762 15.74342 15.84919 15.95494 16.06067 16.16636 16.27204 16.37768 16.4833 16.5889 16.69446 16.8 16.90551 17.01099 17.11644 17.22186 17.32725 17.43261 17.53794 17.64324 17.74851 17.85374 17.95894 18.06411 18.16925 18.27435 18.37942 18.48445 18.58945 18.69441 18.79934 18.90423 19.00908
12.55731 12.66346 12.7696 12.87573 12.98184 13.08794 13.19403 13.30011 13.40617 13.51221 13.61825 13.72426 13.83027 13.93625 14.04222 14.14817 14.25411 14.36002 14.46592 14.5718 14.67766 14.7835 14.88932 14.99512 15.1009 15.20666 15.3124 15.41811 15.5238 15.62947 15.73512 15.84074 15.94634 16.05191 16.15746 16.26298 16.36847 16.47394 16.57938 16.6848 16.79018 16.89554 17.00087 17.10617 17.21144 17.31668 17.4219 17.52708 17.63223 17.73734 17.84243 17.94748 18.0525 18.15749 18.26244 18.36736 18.47225 18.5771 18.68191 18.78669 18.89143 18.99614
12.55361 12.65961 12.76559 12.87156 12.97752 13.08347 13.18941 13.29533 13.40124 13.50713 13.61301 13.71887 13.82472 13.93056 14.03637 14.14217 14.24795 14.35372 14.45946 14.56519 14.6709 14.77659 14.88226 14.98791 15.09353 15.19914 15.30472 15.41029 15.51583 15.62134 15.72684 15.83231 15.93775 16.04317 16.14857 16.25394 16.35929 16.46461 16.5699 16.67516 16.7804 16.8856 16.99079 17.09594 17.20106 17.30615 17.41121 17.51624 17.62124 17.72621 17.83115 17.93605 18.04092 18.14576 18.25057 18.35534 18.46007 18.56478 18.66944 18.77407 18.87867 18.98323
12.54992 12.65576 12.76159 12.86741 12.97322 13.07901 13.1848 13.29057 13.39632 13.50206 13.60779 13.7135 13.8192 13.92488 14.03054 14.13619 14.24182 14.34743 14.45302 14.5586 14.66416 14.76969 14.87521 14.98071 15.08618 15.19164 15.29707 15.40248 15.50787 15.61324 15.71858 15.8239 15.9292 16.03447 16.13971 16.24493 16.35013 16.4553 16.56044 16.66555 16.77064 16.8757 16.98073 17.08573 17.1907 17.29564 17.40056 17.50544 17.61029 17.71511 17.8199 17.92465 18.02938 18.13407 18.23873 18.34335 18.44794 18.55249 18.65701 18.7615 18.86594 18.97035
12.54623 12.65192 12.7576 12.86327 12.96893 13.07457 13.1802 13.28582 13.39142 13.49701 13.60258 13.70814 13.81369 13.91922 14.02473 14.13022 14.2357 14.34116 14.4466 14.55203 14.65743 14.76282 14.86819 14.97353 15.07886 15.18416 15.28944 15.3947 15.49994 15.60516 15.71035 15.81552 15.92067 16.02579 16.13088 16.23595 16.341 16.44601 16.55101 16.65597 16.76091 16.86582 16.9707 17.07555 17.18037 17.28517 17.38993 17.49467 17.59937 17.70404 17.80868 17.91329 18.01786 18.12241 18.22692 18.33139 18.43583 18.54024 18.64462 18.74895 18.85325 18.95752
12.54256 12.6481 12.75363 12.85914 12.96465 13.07014 13.17561 13.28108 13.38653 13.49197 13.59739 13.7028 13.80819 13.91357 14.01893 14.12427 14.2296 14.33491 14.4402 14.54548 14.65073 14.75596 14.86118 14.96638 15.07155 15.1767 15.28184 15.38695 15.49203 15.5971 15.70214 15.80716 15.91216 16.01713 16.12207 16.227 16.33189 16.43676 16.5416 16.64642 16.75121 16.85597 16.9607 17.0654 17.17008 17.27472 17.37934 17.48392 17.58848 17.693 17.7975 17.90196 18.00639 18.11078 18.21514 18.31947 18.42377 18.52803 18.63225 18.73644 18.8406 18.94472
12.5389 12.64429 12.74966 12.85503 12.96038 13.06572 13.17104 13.27636 13.38166 13.48694 13.59222 13.69747 13.80271 13.90794 14.01315 14.11834 14.22352 14.32868 14.43382 14.53894 14.64404 14.74913 14.85419 14.95924 15.06426 15.16927 15.27425 15.37921 15.48415 15.58907 15.69396 15.79883 15.90367 16.0085 16.11329 16.21806 16.32281 16.42753 16.53222 16.63689 16.74153 16.84614 16.95073 17.05528 17.15981 17.26431 17.36878 17.47322 17.57762 17.682 17.78634 17.89066 17.99494 18.09919 18.2034 18.30758 18.41173 18.51585 18.61993 18.72397 18.82798 18.93196
12.53525 12.64048 12.74571 12.85092 12.95612 13.06131 13.16649 13.27165 13.3768 13.48193 13.58705 13.69216 13.79725 13.90233 14.00739 14.11243 14.21745 14.32246 14.42745 14.53243 14.63738 14.74231 14.84723 14.95212 15.057 15.16185 15.26669 15.3715 15.47629 15.58105 15.6858 15.79052 15.89522 15.99989 16.10454 16.20916 16.31376 16.41833 16.52287 16.62739 16.73188 16.83635 16.94078 17.04519 17.14957 17.25392 17.35824 17.46253 17.5668 17.67102 17.77522 17.87939 17.98352 18.08763 18.1917 18.29573 18.39973 18.5037 18.60764 18.71154 18.8154 18.91923
12.53161 12.63669 12.74177 12.84683 12.95188 13.05692 13.16194 13.26695 13.37195 13.47694 13.58191 13.68686 13.7918 13.89673 14.00164 14.10653 14.21141 14.31627 14.42111 14.52593 14.63073 14.73552 14.84028 14.94503 15.04976 15.15446 15.25914 15.36381 15.46845 15.57306 15.67766 15.78223 15.88678 15.9913 16.0958 16.20028 16.30473 16.40915 16.51355 16.61792 16.72227 16.82658 16.93087 17.03513 17.13936 17.24357 17.34774 17.45188 17.556 17.66008 17.76413 17.86815 17.97214 18.0761 18.18002 18.28391 18.38777 18.49159 18.59538 18.69913 18.80285 18.90654
12.52798 12.63291 12.73784 12.84275 12.94765 13.05253 13.15741 13.26227 13.36712 13.47196 13.57678 13.68158 13.78637 13.89115 13.99591 14.10065 14.20538 14.31009 14.41478 14.51945 14.62411 14.72874 14.83336 14.93796 15.04253 15.14709 15.25162 15.35614 15.46063 15.5651 15.66955 15.77397 15.87837 15.98275 16.0871 16.19142 16.29572 16.4 16.50425 16.60847 16.71267 16.81684 16.92098 17.0251 17.12918 17.23324 17.33727 17.44127 17.54523 17.64917 17.75307 17.85695 17.96079 18.0646 18.16838 18.27213 18.37584 18.47952 18.58316 18.68677 18.79034 18.89388
12.52436 12.62914 12.73392 12.83868 12.94343 13.04817 13.15289 13.2576 13.3623 13.46699 13.57166 13.67632 13.78096 13.88558 13.99019 14.09479 14.19936 14.30392 14.40847 14.51299 14.6175 14.72198 14.82645 14.9309 15.03533 15.13974 15.24412 15.34849 15.45283 15.55715 15.66145 15.76573 15.86998 15.97421 16.07841 16.18259 16.28675 16.39088 16.49498 16.59906 16.70311 16.80713 16.91113 17.01509 17.11903 17.22294 17.32682 17.43068 17.5345 17.63829 17.74205 17.84578 17.94947 18.05314 18.15677 18.26037 18.36394 18.46747 18.57097 18.67444 18.77787 18.88126
12.52075 12.62538 12.73001 12.83462 12.93922 13.04381 13.14839 13.25295 13.3575 13.46203 13.56656 13.67106 13.77556 13.88003 13.9845 14.08894 14.19337 14.29778 14.40217 14.50655 14.61091 14.71525 14.81957 14.92387 15.02815 15.13241 15.23665 15.34086 15.44506 15.54923 15.65339 15.75751 15.86162 15.9657 16.06976 16.17379 16.2778 16.38178 16.48574 16.58967 16.69357 16.79745 16.90129 17.00512 17.10891 17.21268 17.31641 17.42012 17.52379 17.62744 17.73105 17.83464 17.93819 18.04171 18.1452 18.24865 18.35208 18.45547 18.55882 18.66214 18.76543 18.86868
12.51715 12.62164 12.72611 12.83057 12.93503 13.03946 13.14389 13.24831 13.35271 13.4571 13.56147 13.66583 13.77017 13.8745 13.97881 14.08311 14.18739 14.29165 14.3959 14.50013 14.60434 14.70853 14.8127 14.91685 15.02099 15.1251 15.22919 15.33326 15.43731 15.54134 15.64534 15.74932 15.85328 15.95721 16.06112 16.16501 16.26887 16.37271 16.47652 16.5803 16.68406 16.78779 16.89149 16.99517 17.09882 17.20243 17.30602 17.40959 17.51312 17.61662 17.72009 17.82353 17.92694 18.03031 18.13366 18.23697 18.34025 18.44349 18.5467 18.64988 18.75302 18.85613
12.51356 12.6179 12.72223 12.82654 12.93084 13.03513 13.13941 13.24368 13.34793 13.45217 13.5564 13.66061 13.7648 13.86898 13.97315 14.0773 14.18143 14.28554 14.38964 14.49372 14.59779 14.70183 14.80585 14.90986 15.01384 15.11781 15.22175 15.32568 15.42958 15.53346 15.63732 15.74115 15.84496 15.94875 16.05252 16.15626 16.25997 16.36366 16.46733 16.57096 16.67458 16.77816 16.88172 16.98525 17.08875 17.19222 17.29567 17.39909 17.50247 17.60583 17.70915 17.81245 17.91571 18.01895 18.12215 18.22531 18.32845 18.43155 18.53462 18.63765 18.74065 18.84362
12.50998 12.61417 12.71835 12.82252 12.92667 13.03081 13.13494 13.23906 13.34317 13.44726 13.55134 13.6554 13.75945 13.86348 13.9675 14.0715 14.17548 14.27945 14.3834 14.48734 14.59125 14.69515 14.79903 14.90288 15.00672 15.11054 15.21434 15.31812 15.42187 15.52561 15.62932 15.73301 15.83667 15.94031 16.04393 16.14753 16.25109 16.35464 16.45816 16.56165 16.66512 16.76856 16.87197 16.97536 17.07871 17.18204 17.28535 17.38862 17.49186 17.59507 17.69825 17.8014 17.90452 18.00761 18.11067 18.21369 18.31668 18.41964 18.52257 18.62546 18.72832 18.83114
12.50642 12.61046 12.71449 12.8185 12.92251 13.02651 13.13049 13.23446 13.33842 13.44236 13.54629 13.65021 13.75411 13.85799 13.96186 14.06572 14.16956 14.27338 14.37718 14.48097 14.58474 14.68849 14.79222 14.89593 14.99962 15.10329 15.20695 15.31058 15.41419 15.51777 15.62134 15.72488 15.8284 15.9319 16.03537 16.13882 16.24224 16.34564 16.44902 16.55237 16.65569 16.75898 16.86225 16.96549 17.06871 17.17189 17.27505 17.37818 17.48127 17.58434 17.68738 17.79039 17.89336 17.99631 18.09922 18.2021 18.30495 18.40777 18.51055 18.6133 18.71602 18.8187
