REKUR/basedata/East-Europe.asc
ncols         590
nrows         258
xllcorner     -2864291
yllcorner     200792
cellsize      10000
NODATA_value  -9999
[rows 54 to 80 of 258, columns 248 to 309 of 590]
4.616137 4.757591 4.899085 5.040617 5.182185 5.32379 5.46543 5.607104 5.748811 5.89055 6.032319 6.174119 6.315947 6.457802 6.599685 6.741593 6.883525 7.025481 7.167459 7.309459 7.451478 7.593518 7.735575 7.877649 8.019739 8.161844 8.303964 8.446095 8.588239 8.730392 8.872557 9.014729 9.156908 9.299094 9.441285 9.583481 9.725679 9.86788 10.01008 10.15228 10.29448 10.43668 10.57888 10.72107 10.86325 11.00543 11.1476 11.28976 11.43192 11.57406 11.71619 11.85831 12.00041 12.1425 12.28457 12.42662 12.56866 12.71068 12.85267 12.99465 13.1366 13.27853
4.626536 4.767719 4.908941 5.0502 5.191497 5.33283 5.474198 5.615599 5.757033 5.898499 6.039995 6.181521 6.323076 6.464658 6.606266 6.7479 6.889559 7.03124 7.172945 7.31467 7.456415 7.598179 7.739962 7.881761 8.023576 8.165406 8.30725 8.449106 8.590975 8.732853 8.874742 9.016638 9.158542 9.300452 9.442369 9.584288 9.726211 9.868136 10.01006 10.15199 10.29391 10.43584 10.57775 10.71967 10.86158 11.00348 11.14538 11.28726 11.42914 11.57101 11.71286 11.85471 11.99653 12.13835 12.28014 12.42192 12.56369 12.70543 12.84715 12.98885 13.13053 13.27218
4.636895 4.777807 4.918759 5.059748 5.200774 5.341835 5.482931 5.624061 5.765224 5.906417 6.047642 6.188895 6.330178 6.471487 6.612823 6.754184 6.895569 7.036978 7.178409 7.31986 7.461332 7.602822 7.744331 7.885857 8.027398 8.168954 8.310523 8.452106 8.593699 8.735304 8.876918 9.01854 9.16017 9.301805 9.443447 9.585093 9.726741 9.868391 10.01004 10.15169 10.29334 10.43499 10.57664 10.71828 10.85991 11.00154 11.14316 11.28477 11.42638 11.56797 11.70955 11.85112 11.99267 12.13421 12.27573 12.41724 12.55873 12.7002 12.84165 12.98307 13.12448 13.26586
4.647213 4.787857 4.928539 5.069258 5.210014 5.350806 5.491632 5.632491 5.773382 5.914305 6.055259 6.196241 6.337252 6.47829 6.619354 6.760443 6.901556 7.042693 7.183851 7.325031 7.46623 7.607448 7.748684 7.889936 8.031205 8.172488 8.313785 8.455093 8.596415 8.737745 8.879086 9.020435 9.161792 9.303154 9.444522 9.585894 9.727268 9.868646 10.01002 10.1514 10.29278 10.43415 10.57552 10.71689 10.85825 10.99961 11.14096 11.2823 11.42362 11.56494 11.70625 11.84755 11.98883 12.13009 12.27134 12.41258 12.55379 12.69499 12.83617 12.97732 13.11845 13.25956
4.657493 4.797868 4.938282 5.078732 5.219219 5.359742 5.500298 5.640888 5.78151 5.922163 6.062846 6.203558 6.344299 6.485066 6.62586 6.766678 6.907521 7.048386 7.189273 7.330182 7.471109 7.612056 7.75302 7.894001 8.034997 8.176008 8.317033 8.458071 8.599119 8.740178 8.881247 9.022323 9.163406 9.304497 9.445592 9.586692 9.727794 9.868898 10.01 10.15111 10.29221 10.43332 10.57441 10.71551 10.8566 10.99768 11.13876 11.27982 11.42088 11.56193 11.70296 11.84399 11.985 12.12599 12.26697 12.40793 12.54887 12.6898 12.8307 12.97159 13.11245 13.25329
4.667733 4.807841 4.947987 5.08817 5.228389 5.368643 5.508932 5.649253 5.789607 5.929991 6.070405 6.210848 6.351319 6.491817 6.632341 6.77289 6.913462 7.054058 7.194674 7.335312 7.47597 7.616646 7.757339 7.898049 8.038775 8.179516 8.32027 8.461036 8.601812 8.7426 8.883398 9.024203 9.165016 9.305835 9.446658 9.587486 9.728317 9.869151 10.00998 10.15082 10.29165 10.43248 10.57331 10.71413 10.85495 10.99576 11.13657 11.27736 11.41815 11.55893 11.69969 11.84044 11.98118 12.1219 12.26261 12.4033 12.54398 12.68463 12.82526 12.96588 13.10647 13.24704
4.677934 4.817776 4.957655 5.097572 5.237524 5.377511 5.517532 5.657586 5.797672 5.937788 6.077935 6.21811 6.358313 6.498542 6.638797 6.779077 6.919381 7.059707 7.200055 7.340424 7.480812 7.621218 7.761642 7.902083 8.042539 8.183009 8.323493 8.463989 8.604496 8.745014 8.885541 9.026076 9.166618 9.307167 9.447721 9.588279 9.728839 9.869402 10.00997 10.15053 10.29109 10.43165 10.57221 10.71276 10.85331 10.99385 11.13439 11.27491 11.41543 11.55593 11.69643 11.83691 11.97738 12.11783 12.25827 12.39869 12.5391 12.67948 12.81985 12.96019 13.10051 13.24082
4.688096 4.827672 4.967287 5.106937 5.246624 5.386345 5.5261 5.665887 5.805707 5.945556 6.085435 6.225343 6.365279 6.505241 6.645229 6.785241 6.925277 7.065335 7.205415 7.345515 7.485635 7.625773 7.765928 7.9061 8.046288 8.186489 8.326704 8.466931 8.60717 8.747418 8.887676 9.027943 9.168216 9.308495 9.448779 9.589067 9.729359 9.869652 10.00995 10.15024 10.29053 10.43083 10.57111 10.7114 10.85168 10.99195 11.13221 11.27247 11.41272 11.55295 11.69318 11.83339 11.97359 12.11378 12.25395 12.3941 12.53423 12.67435 12.81445 12.95453 13.09458 13.23461
4.698219 4.837532 4.976882 5.116268 5.255689 5.395145 5.534635 5.674157 5.81371 5.953294 6.092908 6.23255 6.372219 6.511915 6.651636 6.791381 6.93115 7.070941 7.210754 7.350587 7.49044 7.630311 7.770198 7.910103 8.050022 8.189956 8.329904 8.469862 8.609833 8.749813 8.889803 9.029801 9.169806 9.309817 9.449833 9.589853 9.729877 9.869902 10.00993 10.14995 10.28998 10.43 10.57002 10.71004 10.85005 10.99005 11.13005 11.27004 11.41002 11.54998 11.68994 11.82989 11.96982 12.10974 12.24964 12.38952 12.52939 12.66924 12.80907 12.94888 13.08867 13.22844
4.708304 4.847353 4.98644 5.125562 5.26472 5.403912 5.543138 5.682395 5.821684 5.961003 6.100352 6.239728 6.379132 6.518563 6.658018 6.797498 6.937001 7.076527 7.216074 7.35564 7.495226 7.63483 7.774452 7.91409 8.053742 8.19341 8.33309 8.472782 8.612486 8.752199 8.891922 9.031652 9.171391 9.311134 9.450883 9.590636 9.730392 9.87015 10.00991 10.14967 10.28942 10.42918 10.56893 10.70868 10.84842 10.98816 11.12789 11.26761 11.40732 11.54703 11.68672 11.8264 11.96606 12.10571 12.24535 12.38497 12.52457 12.66415 12.80371 12.94326 13.08278 13.22228
4.718351 4.857138 4.995962 5.134821 5.273716 5.412645 5.551608 5.690602 5.829627 5.968683 6.107767 6.24688 6.38602 6.525186 6.664377 6.803592 6.94283 7.08209 7.221372 7.360674 7.499995 7.639334 7.778689 7.918062 8.057449 8.19685 8.336265 8.475691 8.615129 8.754577 8.894032 9.033498 9.172969 9.312447 9.451929 9.591416 9.730906 9.870398 10.00989 10.14938 10.28887 10.42836 10.56785 10.70733 10.84681 10.98628 11.12574 11.2652 11.40464 11.54408 11.6835 11.82292 11.96232 12.1017 12.24107 12.38042 12.51976 12.65908 12.79838 12.93766 13.07691 13.21615
4.72836 4.866885 5.005447 5.144046 5.282679 5.421346 5.560046 5.698778 5.83754 5.976333 6.115155 6.254004 6.392881 6.531783 6.670711 6.809662 6.948637 7.087633 7.226651 7.365688 7.504745 7.643819 7.782911 7.922019 8.061141 8.200277 8.339427 8.478589 8.617762 8.756944 8.896135 9.035336 9.174541 9.313754 9.452971 9.592193 9.731418 9.870644 10.00987 10.1491 10.28832 10.42755 10.56677 10.70599 10.8452 10.9844 11.1236 11.26279 11.40197 11.54114 11.6803 11.81945 11.95859 12.09771 12.23681 12.3759 12.51497 12.65403 12.79306 12.93208 13.07107 13.21004
4.73833 4.876596 5.014898 5.153235 5.291607 5.430013 5.568452 5.706923 5.845424 5.983954 6.122514 6.261102 6.399716 6.538356 6.677021 6.81571 6.954422 7.093155 7.231909 7.370684 7.509477 7.648288 7.787117 7.925961 8.064819 8.203692 8.342578 8.481476 8.620384 8.759303 8.898231 9.037166 9.176108 9.315057 9.45401 9.592967 9.731927 9.870889 10.00985 10.14882 10.28778 10.42674 10.56569 10.70465 10.84359 10.98253 11.12147 11.2604 11.39931 11.53822 11.67712 11.816 11.95487 12.09373 12.23257 12.3714 12.5102 12.64899 12.78777 12.92652 13.06525 13.20396
4.748264 4.88627 5.024312 5.16239 5.300502 5.438648 5.576827 5.715036 5.853277 5.991547 6.129846 6.268172 6.406525 6.544904 6.683307 6.821734 6.960184 7.098656 7.237148 7.37566 7.514192 7.65274 7.791306 7.929887 8.068483 8.207093 8.345716 8.484351 8.622997 8.761653 8.900317 9.03899 9.177669 9.316354 9.455044 9.593738 9.732435 9.871134 10.00983 10.14853 10.28723 10.42593 10.56462 10.70331 10.842 10.98067 11.11934 11.25801 11.39666 11.53531 11.67394 11.81256 11.95117 12.08976 12.22834 12.36691 12.50545 12.64398 12.78249 12.92098 13.05945 13.1979
4.75816 4.895907 5.033691 5.17151 5.309364 5.44725 5.585169 5.72312 5.861101 5.999111 6.13715 6.275216 6.413309 6.551427 6.68957 6.827736 6.965925 7.104136 7.242367 7.380618 7.518888 7.657176 7.795479 7.933799 8.072134 8.210483 8.348844 8.487216 8.6256 8.763993 8.902396 9.040807 9.179223 9.317646 9.456075 9.594506 9.732941 9.871377 10.00982 10.14825 10.28669 10.42512 10.56355 10.70198 10.8404 10.97882 11.11723 11.25563 11.39402 11.5324 11.67078 11.80914 11.94748 12.08581 12.22413 12.36243 12.50072 12.63899 12.77723 12.91546 13.05367 13.19186
4.768018 4.905509 5.043035 5.180596 5.318192 5.455821 5.593481 5.731173 5.868895 6.006647 6.144426 6.282233 6.420067 6.557926 6.695809 6.833715 6.971645 7.109595 7.247567 7.385557 7.523567 7.661594 7.799637 7.937696 8.07577 8.213858 8.351958 8.49007 8.628193 8.766326 8.904468 9.042617 9.180773 9.318934 9.457101 9.595271 9.733445 9.87162 10.0098 10.14797 10.28615 10.42432 10.56249 10.70066 10.83882 10.97697 11.11512 11.25326 11.39139 11.52951 11.66762 11.80572 11.94381 12.08188 12.21994 12.35798 12.496 12.63401 12.772 12.90997 13.04791 13.18584
4.77784 4.915074 5.052344 5.189648 5.326987 5.464358 5.601761 5.739196 5.87666 6.014154 6.151675 6.289224 6.426799 6.5644 6.702024 6.839672 6.977343 7.115034 7.252746 7.390478 7.528228 7.665996 7.80378 7.941579 8.079393 8.217221 8.355062 8.492914 8.630776 8.768649 8.90653 9.044419 9.182316 9.320217 9.458123 9.596034 9.733947 9.871861 10.00978 10.14769 10.28561 10.42352 10.56143 10.69934 10.83724 10.97513 11.11302 11.2509 11.38877 11.52663 11.66448 11.80232 11.94015 12.07796 12.21576 12.35354 12.49131 12.62905 12.76678 12.90449 13.04218 13.17985
4.787625 4.924604 5.061618 5.198667 5.335749 5.472864 5.610011 5.747189 5.884396 6.021633 6.158897 6.296189 6.433506 6.570849 6.708217 6.845607 6.983019 7.120453 7.257906 7.39538 7.532872 7.670381 7.807906 7.945447 8.083003 8.220572 8.358153 8.495747 8.63335 8.770964 8.908587 9.046216 9.183852 9.321495 9.459142 9.596793 9.734447 9.872103 10.00976 10.14742 10.28507 10.42272 10.56038 10.69802 10.83566 10.9733 11.11093 11.24855 11.38616 11.52376 11.66136 11.79894 11.9365 12.07406 12.21159 12.34912 12.48662 12.62411 12.76158 12.89904 13.03647 13.17388
4.797374 4.934098 5.070857 5.207651 5.344478 5.481338 5.618229 5.755151 5.892103 6.029084 6.166092 6.303128 6.440189 6.577275 6.714386 6.851519 6.988674 7.125851 7.263048 7.400264 7.537498 7.674749 7.812017 7.949301 8.086598 8.223909 8.361234 8.498569 8.635915 8.77327 8.910634 9.048006 9.185384 9.322768 9.460157 9.597549 9.734945 9.872343 10.00974 10.14714 10.28454 10.42193 10.55932 10.69671 10.8341 10.97147 11.10884 11.24621 11.38356 11.52091 11.65824 11.79556 11.93287 12.07017 12.20745 12.34471 12.48196 12.61919 12.75641 12.8936 13.03078 13.16793
4.807086 4.943556 5.080062 5.216602 5.353175 5.48978 5.626417 5.763084 5.899782 6.036507 6.173261 6.31004 6.446846 6.583677 6.720531 6.857409 6.994308 7.131229 7.268169 7.405129 7.542107 7.679102 7.816113 7.95314 8.09018 8.227235 8.364302 8.50138 8.638469 8.775567 8.912674 9.049788 9.18691 9.324037 9.461168 9.598304 9.735442 9.872581 10.00972 10.14686 10.284 10.42114 10.55828 10.69541 10.83253 10.96965 11.10677 11.24387 11.38097 11.51806 11.65513 11.7922 11.92925 12.06629 12.20331 12.34032 12.47732 12.61429 12.75125 12.88819 13.0251 13.162
4.816762 4.95298 5.089232 5.225519 5.361839 5.498191 5.634574 5.770988 5.907431 6.043903 6.180402 6.316927 6.453479 6.590055 6.726655 6.863277 6.999921 7.136587 7.273272 7.409976 7.546699 7.683438 7.820194 7.956964 8.09375 8.230548 8.367359 8.504181 8.641014 8.777856 8.914706 9.051565 9.18843 9.3253 9.462175 9.599054 9.735936 9.87282 10.0097 10.14659 10.28347 10.42035 10.55723 10.69411 10.83098 10.96784 11.1047 11.24155 11.37839 11.51522 11.65204 11.78885 11.92565 12.06243 12.1992 12.33595 12.47269 12.60941 12.74611 12.88279 13.01945 13.1561
4.826402 4.962368 5.098369 5.234404 5.370471 5.506571 5.642702 5.778862 5.915052 6.051271 6.187517 6.323789 6.460086 6.596409 6.732755 6.869123 7.005514 7.141924 7.278356 7.414805 7.551273 7.687758 7.824259 7.960775 8.097305 8.233849 8.370404 8.506971 8.643549 8.780136 8.916732 9.053334 9.189944 9.326559 9.46318 9.599803 9.736429 9.873057 10.00969 10.14632 10.28294 10.41957 10.55619 10.69281 10.82943 10.96604 11.10264 11.23923 11.37582 11.51239 11.64896 11.78551 11.92205 12.05858 12.1951 12.3316 12.46808 12.60454 12.74099 12.87742 13.01383 13.15021
4.836007 4.971722 5.107471 5.243255 5.379071 5.514919 5.650798 5.786707 5.922646 6.058611 6.194605 6.330625 6.46667 6.602739 6.738832 6.874948 7.011085 7.147243 7.28342 7.419617 7.555831 7.692062 7.828309 7.964571 8.100847 8.237137 8.373439 8.509752 8.646075 8.782408 8.918749 9.055098 9.191453 9.327813 9.464179 9.600548 9.73692 9.873294 10.00967 10.14604 10.28242 10.41879 10.55516 10.69152 10.82788 10.96424 11.10058 11.23692 11.37326 11.50958 11.64589 11.78219 11.91848 12.05475 12.19101 12.32726 12.46348 12.5997 12.73589 12.87206 13.00822 13.14435
4.845575 4.981041 5.11654 5.252074 5.38764 5.523237 5.658865 5.794523 5.93021 6.065925 6.201667 6.337435 6.473228 6.609046 6.744887 6.880751 7.016635 7.152541 7.288466 7.42441 7.560371 7.69635 7.832345 7.968354 8.104377 8.240414 8.376462 8.512522 8.648592 8.784671 8.920759 9.056854 9.192956 9.329063 9.465175 9.601291 9.73741 9.873529 10.00965 10.14577 10.28189 10.41801 10.55412 10.69024 10.82634 10.96244 11.09854 11.23462 11.3707 11.50677 11.64283 11.77888 11.91491 12.05093 12.18694 12.32293 12.45891 12.59487 12.73081 12.86673 13.00263 13.13852
4.855109 4.990325 5.125576 5.26086 5.396176 5.531524 5.666902 5.80231 5.937747 6.073212 6.208703 6.344221 6.479763 6.61533 6.75092 6.886532 7.022166 7.15782 7.293493 7.429185 7.564896 7.700622 7.836364 7.972122 8.107893 8.243677 8.379474 8.515281 8.651099 8.786926 8.922761 9.058604 9.194453 9.330308 9.466167 9.602031 9.737897 9.873764 10.00963 10.1455 10.28137 10.41723 10.5531 10.68896 10.82481 10.96066 11.0965 11.23233 11.36816 11.50398 11.63978 11.77558 11.91136 12.04713 12.18288 12.31862 12.45435 12.59006 12.72575 12.86142 12.99707 13.1327
4.864607 4.999576 5.134578 5.269613 5.404681 5.53978 5.67491 5.810068 5.945256 6.080471 6.215713 6.350981 6.486273 6.62159 6.75693 6.892292 7.027675 7.163079 7.298502 7.433943 7.569403 7.704878 7.84037 7.975876 8.111396 8.246929 8.382474 8.51803 8.653597 8.789172 8.924756 9.060348 9.195946 9.331549 9.467156 9.602768 9.738382 9.873998 10.00961 10.14523 10.28085 10.41646 10.55207 10.68768 10.82328 10.95888 11.09447 11.23005 11.36563 11.50119 11.63675 11.77229 11.90782 12.04334 12.17884 12.31433 12.44981 12.58526 12.7207 12.85612 12.99152 13.1269
4.874071 5.008792 5.143547 5.278335 5.413155 5.548006 5.682887 5.817798 5.952737 6.087704 6.222697 6.357716 6.49276 6.627827 6.762918 6.898031 7.033165 7.168319 7.303492 7.438684 7.573893 7.709119 7.84436 7.979616 8.114886 8.250169 8.385464 8.52077 8.656086 8.79141 8.926744 9.062084 9.197432 9.332785 9.468142 9.603502 9.738866 9.874231 10.0096 10.14496 10.28033 10.41569 10.55105 10.68641 10.82176 10.95711 11.09245 11.22778 11.3631 11.49842 11.63372 11.76901 11.90429 12.03956 12.17482 12.31006 12.44528 12.58049 12.71568 12.85085 12.986 13.12113
