REKUR/basedata/East-Europe.asc
ncols         590
nrows         258
xllcorner     -2864291
yllcorner     200792
cellsize      10000
NODATA_value  -9999
[rows 54 to 80 of 258, columns 372 to 433 of 590]
22.1273 22.2656 22.4038 22.54192 22.67994 22.81787 22.95572 23.09346 23.23112 23.36868 23.50615 23.64352 23.78079 23.91796 24.05504 24.19201 24.32889 24.46566 24.60233 24.7389 24.87537 25.01173 25.14798 25.28413 25.42017 25.5561 25.69193 25.82764 25.96325 26.09874 26.23412 26.36939 26.50454 26.63958 26.77451 26.90932 27.04401 27.17859 27.31304 27.44738 27.5816 27.7157 27.84968 27.98353 28.11726 28.25087 28.38436 28.51772 28.65096 28.78406 28.91705 29.0499 29.18263 29.31523 29.44769 29.58003 29.71224 29.84431 29.97626 30.10806 30.23974 30.37128
22.10422 22.24226 22.38021 22.51808 22.65585 22.79353 22.93112 23.06862 23.20603 23.34334 23.48055 23.61768 23.7547 23.89163 24.02846 24.16519 24.30182 24.43834 24.57477 24.7111 24.84732 24.98343 25.11945 25.25535 25.39115 25.52685 25.66243 25.79791 25.93327 26.06853 26.20367 26.3387 26.47362 26.60843 26.74312 26.87769 27.01215 27.14649 27.28072 27.41482 27.54881 27.68268 27.81643 27.95005 28.08356 28.21694 28.3502 28.48333 28.61634 28.74923 28.88198 29.01461 29.14712 29.27949 29.41174 29.54386 29.67584 29.8077 29.93942 30.07101 30.20247 30.3338
22.08123 22.21902 22.35671 22.49432 22.63185 22.76928 22.90662 23.04387 23.18102 23.31809 23.45506 23.59193 23.72871 23.86539 24.00197 24.13846 24.27484 24.41113 24.54731 24.68339 24.81937 24.95525 25.09102 25.22668 25.36224 25.4977 25.63304 25.76828 25.90341 26.03843 26.17333 26.30813 26.44281 26.57738 26.71184 26.84618 26.98041 27.11452 27.24851 27.38239 27.51614 27.64978 27.7833 27.9167 28.04997 28.18313 28.31616 28.44907 28.58185 28.71451 28.84705 28.97945 29.11173 29.24389 29.37591 29.50781 29.63958 29.77121 29.90272 30.03409 30.16533 30.29644
22.05832 22.19585 22.3333 22.47066 22.60793 22.74512 22.88221 23.01921 23.15612 23.29293 23.42966 23.56628 23.70282 23.83925 23.97559 24.11183 24.24797 24.38401 24.51995 24.65579 24.79153 24.92716 25.06269 25.19812 25.33344 25.46866 25.60376 25.73876 25.87365 26.00843 26.14311 26.27767 26.41212 26.54645 26.68067 26.81478 26.94878 27.08266 27.21642 27.35006 27.48359 27.617 27.75029 27.88346 28.01651 28.14944 28.28225 28.41493 28.54749 28.67992 28.81224 28.94442 29.07648 29.20841 29.34022 29.4719 29.60344 29.73486 29.86615 29.9973 30.12833 30.25922
22.0355 22.17278 22.30998 22.44709 22.58411 22.72105 22.85789 22.99464 23.1313 23.26787 23.40435 23.54073 23.67702 23.81321 23.9493 24.0853 24.2212 24.357 24.49269 24.62829 24.76379 24.89919 25.03448 25.16966 25.30474 25.43972 25.57459 25.70935 25.84401 25.97855 26.11299 26.24732 26.38153 26.51563 26.64963 26.7835 26.91726 27.05091 27.18444 27.31786 27.45116 27.58434 27.7174 27.85035 27.98317 28.11587 28.24846 28.38091 28.51325 28.64546 28.77755 28.90952 29.04135 29.17307 29.30465 29.43611 29.56744 29.69864 29.82971 29.96065 30.09146 30.22214
22.01276 22.1498 22.28674 22.4236 22.56038 22.69707 22.83366 22.97017 23.10658 23.24291 23.37914 23.51527 23.65132 23.78726 23.92311 24.05887 24.19452 24.33008 24.46554 24.6009 24.73615 24.87131 25.00636 25.14131 25.27615 25.41089 25.54553 25.68005 25.81447 25.94878 26.08298 26.21708 26.35106 26.48493 26.61869 26.75233 26.88587 27.01929 27.15259 27.28578 27.41885 27.5518 27.68464 27.81735 27.94995 28.08243 28.21478 28.34702 28.47913 28.61112 28.74299 28.87473 29.00635 29.13784 29.26921 29.40045 29.53156 29.66254 29.7934 29.92412 30.05472 30.18518
21.99011 22.12689 22.2636 22.40021 22.53674 22.67317 22.80952 22.94578 23.08195 23.21803 23.35402 23.48991 23.62571 23.76141 23.89702 24.03253 24.16795 24.30326 24.43848 24.5736 24.70862 24.84353 24.97835 25.11306 25.24767 25.38217 25.51657 25.65086 25.78504 25.91912 26.05309 26.18695 26.3207 26.45434 26.58787 26.72128 26.85458 26.98777 27.12085 27.25381 27.38665 27.51938 27.65199 27.78448 27.91685 28.0491 28.18124 28.31325 28.44514 28.57691 28.70856 28.84008 28.97148 29.10275 29.2339 29.36492 29.49581 29.62658 29.75722 29.88773 30.01811 30.14836
21.96754 22.10408 22.24053 22.3769 22.51318 22.64937 22.78547 22.92149 23.05742 23.19325 23.32899 23.46464 23.6002 23.73566 23.87103 24.0063 24.14147 24.27655 24.41153 24.54641 24.68118 24.81586 24.95044 25.08492 25.21929 25.35355 25.48772 25.62177 25.75572 25.88957 26.0233 26.15693 26.29045 26.42386 26.55715 26.69034 26.82341 26.95637 27.08922 27.22195 27.35457 27.48707 27.61945 27.75172 27.88387 28.0159 28.14781 28.2796 28.41127 28.54282 28.67424 28.80555 28.93673 29.06778 29.19871 29.32951 29.46019 29.59074 29.72117 29.85146 29.98163 30.11167
21.94506 22.08135 22.21755 22.35368 22.48971 22.62566 22.76152 22.89729 23.03297 23.16856 23.30406 23.43946 23.57478 23.71 23.84513 23.98016 24.11509 24.24993 24.38467 24.51931 24.65385 24.78829 24.92263 25.05687 25.19101 25.32504 25.45897 25.59279 25.72651 25.86012 25.99363 26.12702 26.26031 26.39349 26.52656 26.65951 26.79236 26.92509 27.05771 27.19021 27.32261 27.45488 27.58704 27.71908 27.85101 27.98281 28.1145 28.24607 28.37752 28.50885 28.64005 28.77114 28.9021 29.03294 29.16365 29.29424 29.4247 29.55503 29.68524 29.81533 29.94528 30.07511
21.92266 22.0587 22.19466 22.33054 22.46633 22.60203 22.73765 22.87317 23.00861 23.14396 23.27922 23.41438 23.54946 23.68444 23.81932 23.95411 24.08881 24.22341 24.35791 24.49232 24.62662 24.76082 24.89493 25.02893 25.16283 25.29663 25.43033 25.56392 25.6974 25.83078 25.96406 26.09722 26.23028 26.36323 26.49607 26.6288 26.76141 26.89392 27.02631 27.15859 27.29076 27.42281 27.55474 27.68656 27.81826 27.94985 28.08132 28.21266 28.34389 28.475 28.60599 28.73685 28.8676 28.99821 29.12871 29.25908 29.38933 29.51945 29.64945 29.77932 29.90906 30.03867
21.90034 22.03614 22.17186 22.30749 22.44303 22.57849 22.71386 22.84915 22.98434 23.11945 23.25447 23.38939 23.52423 23.65897 23.79361 23.92817 24.06262 24.19699 24.33125 24.46542 24.59949 24.73346 24.86733 25.00109 25.13476 25.26833 25.40179 25.53515 25.6684 25.80155 25.93459 26.06753 26.20036 26.33308 26.46569 26.59819 26.73058 26.86286 26.99503 27.12708 27.25902 27.39085 27.52256 27.65416 27.78564 27.917 28.04825 28.17937 28.31038 28.44127 28.57204 28.70269 28.83322 28.96362 29.0939 29.22406 29.35409 29.484 29.61378 29.74344 29.87296 30.00237
21.87811 22.01366 22.14913 22.28452 22.41982 22.55504 22.69017 22.82521 22.96017 23.09503 23.22981 23.36449 23.49909 23.63359 23.768 23.90231 24.03653 24.17066 24.30469 24.43862 24.57245 24.70619 24.83982 24.97336 25.10679 25.24013 25.37336 25.50648 25.63951 25.77243 25.90524 26.03794 26.17055 26.30304 26.43542 26.56769 26.69986 26.83191 26.96385 27.09568 27.2274 27.359 27.4905 27.62187 27.75313 27.88427 28.0153 28.14621 28.27699 28.40767 28.53822 28.66865 28.79896 28.92915 29.05921 29.18915 29.31897 29.44867 29.57824 29.70768 29.837 29.96619
21.85596 21.99127 22.1265 22.26164 22.3967 22.53167 22.66656 22.80136 22.93608 23.0707 23.20524 23.33969 23.47404 23.60831 23.74248 23.87655 24.01054 24.14443 24.27822 24.41192 24.54552 24.67902 24.81242 24.94572 25.07893 25.21203 25.34503 25.47792 25.61072 25.74341 25.87599 26.00847 26.14084 26.2731 26.40526 26.53731 26.66925 26.80108 26.93279 27.0644 27.19589 27.32728 27.45854 27.5897 27.72074 27.85166 27.98246 28.11315 28.24372 28.37418 28.50451 28.63473 28.76482 28.89479 29.02464 29.15437 29.28398 29.41346 29.54282 29.67205 29.80116 29.93014
21.83389 21.96895 22.10394 22.23884 22.37366 22.50839 22.64304 22.7776 22.91208 23.04646 23.18076 23.31497 23.44909 23.58311 23.71705 23.85089 23.98464 24.11829 24.25185 24.38531 24.51868 24.65195 24.78512 24.91819 25.05116 25.18403 25.3168 25.44947 25.58203 25.71449 25.84685 25.9791 26.11124 26.24328 26.37521 26.50703 26.63875 26.77035 26.90185 27.03323 27.1645 27.29566 27.42671 27.55764 27.68846 27.81916 27.94975 28.08022 28.21058 28.34081 28.47093 28.60093 28.73081 28.86056 28.9902 29.11972 29.24911 29.37838 29.50753 29.63655 29.76545 29.89422
21.8119 21.94672 22.08147 22.21613 22.35071 22.4852 22.61961 22.75393 22.88816 23.02231 23.15637 23.29034 23.42422 23.55802 23.69172 23.82532 23.95883 24.09225 24.22558 24.35881 24.49194 24.62498 24.75792 24.89075 25.02349 25.15613 25.28867 25.42111 25.55345 25.68568 25.81781 25.94983 26.08175 26.21356 26.34527 26.47687 26.60836 26.73974 26.87101 27.00217 27.13322 27.26416 27.39499 27.5257 27.6563 27.78678 27.91715 28.0474 28.17754 28.30756 28.43746 28.56725 28.69691 28.82646 28.95588 29.08518 29.21437 29.34342 29.47236 29.60117 29.72986 29.85843
21.78999 21.92457 22.05908 22.1935 22.32784 22.46209 22.59626 22.73034 22.86434 22.99825 23.13207 23.26581 23.39945 23.53301 23.66647 23.79984 23.93312 24.06631 24.1994 24.3324 24.4653 24.5981 24.73081 24.86342 24.99593 25.12834 25.26065 25.39286 25.52497 25.65697 25.78887 25.92067 26.05236 26.18395 26.31543 26.44681 26.57807 26.70923 26.84028 26.97122 27.10205 27.23277 27.36337 27.49387 27.62425 27.75451 27.88467 28.0147 28.14462 28.27443 28.40412 28.53369 28.66314 28.79247 28.92168 29.05077 29.17974 29.30859 29.43731 29.56592 29.6944 29.82275
21.76816 21.90251 22.03677 22.17095 22.30505 22.43906 22.573 22.70684 22.8406 22.97428 23.10786 23.24136 23.37477 23.50809 23.64132 23.77446 23.90751 24.04046 24.17332 24.30608 24.43875 24.57133 24.7038 24.83618 24.96846 25.10065 25.23273 25.36471 25.49659 25.62837 25.76004 25.89162 26.02308 26.15445 26.28571 26.41686 26.5479 26.67884 26.80966 26.94038 27.07099 27.20149 27.33188 27.46215 27.59231 27.72236 27.8523 27.98212 28.11182 28.24142 28.37089 28.50024 28.62948 28.7586 28.8876 29.01648 29.14524 29.27388 29.40239 29.53079 29.65906 29.78721
21.74642 21.88052 22.01454 22.14849 22.28235 22.41612 22.54982 22.68343 22.81695 22.95039 23.08374 23.217 23.35018 23.48327 23.61626 23.74917 23.88198 24.0147 24.14733 24.27986 24.4123 24.54465 24.67689 24.80904 24.9411 25.07305 25.2049 25.33666 25.46832 25.59987 25.73132 25.86267 25.99391 26.12505 26.25608 26.38701 26.51783 26.64855 26.77916 26.90965 27.04004 27.17032 27.30049 27.43055 27.56049 27.69033 27.82005 27.94965 28.07914 28.20852 28.33778 28.46692 28.59594 28.72485 28.85364 28.98231 29.11086 29.23929 29.36759 29.49578 29.62384 29.75179
21.72475 21.85861 21.9924 22.1261 22.25973 22.39327 22.52672 22.6601 22.79339 22.92659 23.05971 23.19274 23.32568 23.45853 23.59129 23.72397 23.85655 23.98904 24.12144 24.25374 24.38595 24.51806 24.65008 24.782 24.91383 25.04556 25.17718 25.30871 25.44014 25.57147 25.70269 25.83382 25.96484 26.09575 26.22657 26.35728 26.48787 26.61837 26.74876 26.87904 27.00921 27.13927 27.26922 27.39906 27.52879 27.6584 27.78791 27.9173 28.04657 28.17573 28.30478 28.43371 28.56252 28.69122 28.8198 28.94826 29.0766 29.20482 29.33292 29.4609 29.58875 29.71649
21.70316 21.83679 21.97034 22.1038 22.23719 22.37049 22.50372 22.63685 22.76991 22.90288 23.03576 23.16855 23.30126 23.43388 23.56642 23.69886 23.83121 23.96347 24.09563 24.22771 24.35969 24.49157 24.62337 24.75506 24.88666 25.01816 25.14956 25.28086 25.41207 25.54317 25.67417 25.80507 25.93587 26.06657 26.19716 26.32764 26.45802 26.5883 26.71847 26.84853 26.97848 27.10832 27.23805 27.36768 27.49719 27.62659 27.75588 27.88506 28.01412 28.14307 28.2719 28.40062 28.52922 28.65771 28.78608 28.91432 29.04246 29.17047 29.29836 29.42613 29.55378 29.68131
21.68165 21.81504 21.94835 22.08158 22.21473 22.3478 22.48079 22.61369 22.74651 22.87925 23.0119 23.14446 23.27694 23.40933 23.54163 23.67384 23.80596 23.93799 24.06993 24.20177 24.33352 24.46518 24.59674 24.72821 24.85958 24.99086 25.12204 25.25311 25.38409 25.51497 25.64575 25.77643 25.90701 26.03748 26.16785 26.29812 26.42828 26.55833 26.68828 26.81812 26.94786 27.07748 27.207 27.33641 27.46571 27.59489 27.72397 27.85293 27.98178 28.11052 28.23914 28.36765 28.49604 28.62431 28.75247 28.88051 29.00843 29.13624 29.26392 29.39149 29.51893 29.64626
21.66022 21.79337 21.92645 22.05944 22.19236 22.32519 22.45795 22.59062 22.7232 22.85571 22.98812 23.12045 23.2527 23.38486 23.51693 23.64891 23.7808 23.9126 24.04431 24.17593 24.30745 24.43888 24.57022 24.70146 24.83261 24.96366 25.09461 25.22547 25.35622 25.48688 25.61744 25.74789 25.87825 26.0085 26.13865 26.26869 26.39864 26.52847 26.65821 26.78783 26.91735 27.04676 27.17606 27.30525 27.43433 27.5633 27.69217 27.82092 27.94955 28.07808 28.20649 28.33479 28.46297 28.59103 28.71898 28.84682 28.97453 29.10213 29.22961 29.35697 29.48421 29.61133
21.63886 21.77178 21.90462 22.03738 22.17006 22.30267 22.43519 22.56762 22.69998 22.83225 22.96444 23.09653 23.22855 23.36048 23.49232 23.62407 23.75573 23.8873 24.01879 24.15018 24.28147 24.41268 24.54379 24.67481 24.80573 24.93655 25.06728 25.19792 25.32845 25.45888 25.58922 25.71945 25.84959 25.97962 26.10955 26.23938 26.3691 26.49872 26.62823 26.75764 26.88694 27.01614 27.14522 27.2742 27.40307 27.53183 27.66048 27.78901 27.91744 28.04576 28.17395 28.30204 28.43001 28.55787 28.68561 28.81324 28.94075 29.06814 29.19541 29.32257 29.4496 29.57652
21.61759 21.75027 21.88288 22.0154 22.14785 22.28022 22.41251 22.54471 22.67684 22.80888 22.94083 23.0727 23.20449 23.33619 23.4678 23.59932 23.73075 23.8621 23.99335 24.12452 24.25559 24.38657 24.51745 24.64825 24.77895 24.90955 25.04005 25.17046 25.30077 25.43099 25.5611 25.69112 25.82103 25.95084 26.08055 26.21017 26.33967 26.46907 26.59837 26.72756 26.85665 26.98563 27.1145 27.24326 27.37192 27.50046 27.6289 27.75723 27.88544 28.01354 28.14153 28.26941 28.39717 28.52482 28.65236 28.77978 28.90708 29.03427 29.16133 29.28828 29.41512 29.54183
21.59639 21.72884 21.86121 21.99351 22.12572 22.25786 22.38991 22.52189 22.65378 22.78559 22.91731 23.04895 23.18051 23.31198 23.44336 23.57466 23.70587 23.83698 23.96801 24.09895 24.2298 24.36055 24.49121 24.62178 24.75226 24.88264 25.01292 25.14311 25.2732 25.40319 25.53308 25.66288 25.79258 25.92217 26.05166 26.18105 26.31034 26.43953 26.56861 26.69759 26.82646 26.95522 27.08388 27.21243 27.34087 27.46921 27.59743 27.72555 27.85355 27.98145 28.10923 28.23689 28.36445 28.49189 28.61922 28.74643 28.87353 29.00051 29.12737 29.25412 29.38075 29.50726
21.57526 21.70748 21.83962 21.97168 22.10367 22.23557 22.3674 22.49914 22.6308 22.76238 22.89388 23.02529 23.15662 23.28786 23.41902 23.55009 23.68107 23.81196 23.94276 24.07347 24.2041 24.33463 24.46507 24.59541 24.72566 24.85582 24.98588 25.11585 25.24572 25.37549 25.50517 25.63474 25.76422 25.8936 26.02287 26.15205 26.28112 26.41009 26.53895 26.66772 26.79637 26.92492 27.05337 27.18171 27.30994 27.43806 27.56608 27.69398 27.82178 27.94946 28.07703 28.20449 28.33184 28.45907 28.5862 28.7132 28.84009 28.96687 29.09353 29.22007 29.3465 29.47281
21.55422 21.6862 21.81811 21.94994 22.0817 22.21337 22.34496 22.47648 22.60791 22.73926 22.87053 23.00171 23.13281 23.26383 23.39476 23.5256 23.65635 23.78702 23.9176 24.04809 24.17849 24.3088 24.43901 24.56913 24.69917 24.8291 24.95894 25.08869 25.21834 25.34789 25.47735 25.6067 25.73596 25.86512 25.99418 26.12314 26.252 26.38075 26.5094 26.63795 26.76639 26.89473 27.02296 27.15109 27.27911 27.40702 27.53483 27.66252 27.79011 27.91758 28.04495 28.1722 28.29934 28.42637 28.55329 28.68009 28.80678 28.93335 29.0598 29.18614 29.31237 29.43847
