REKUR/basedata/Elev-Europe.asc
ncols 	590                                                                                                                                                                                                                                                                                                                                                                                                                                                                                                                                                                                                            
nrows 	258                                                                                                                                                                                                                                                                                                                                                                                                                                                                                                                                                                                                            
xllcorner 	-2868800                                                                                                                                                                                                                                                                                                                                                                                                                                                                                                                                                                                                            
yllcorner 	200792                                                                                                                                                                                                                                                                                                                                                                                                                                                                                                                                                                                                            
cellsize 	10000                                                                                                                                                                                                                                                                                                                                                                                                                                                                                                                                                                                                            
NODATA_value 	-9999                                                                                                                                                                                                                                                                                                                                                                                                                                                                                                                                                                                                            
[rows 152 to 189 of 258, columns 172 to 257 of 590]
718 727 732 868 921 959 997 866 1077 1082 1089 1115 1126 1153 1200 1189 1141 1068 971 1004 1181 1154 1029 882 712 606 571 485 431 426 551 325 345 397 366 203 254 473 514 301 120 141 112 75 42 -8 117 24 -22 -114 -141 -191 -412 -675 -639 -1182 -546 -608 -1227 -1940 -2005 -2130 -2199 -2288 -2336 -2377 -2441 -2476 -2506 -2509 -2502 -2497 -2470 -2454 -2439 -2411 -2410 -2420 -2431 -2447 -2467 -2482 -2526 -2565 -2595 -2611
663 670 779 868 868 964 900 846 903 1062 1247 1304 1185 1177 1188 1258 1253 1104 978 1053 1138 1113 1105 1028 923 766 733 560 485 590 664 408 428 384 269 203 379 308 116 52 22 9 -44 -43 -62 -80 -35 -29 -81 -271 -457 -573 -857 -1182 -1121 -1572 -1119 -1151 -1551 -2024 -2139 -2295 -2388 -2394 -2402 -2414 -2466 -2502 -2522 -2536 -2530 -2510 -2499 -2480 -2472 -2452 -2442 -2441 -2446 -2462 -2479 -2508 -2544 -2575 -2599 -2621
627 751 835 819 875 888 844 939 1017 1081 1162 1253 1259 1306 1343 1393 1296 1111 1028 1172 1256 1249 1252 1183 1155 943 828 660 649 766 752 541 539 449 268 298 200 8 -27 -36 -47 -51 -93 -186 -310 -221 -229 -269 -336 -622 -740 -945 -1269 -1422 -1282 -1642 -1719 -1737 -2003 -2096 -2195 -2323 -2403 -2403 -2435 -2452 -2490 -2524 -2559 -2563 -2559 -2540 -2516 -2510 -2505 -2493 -2478 -2463 -2462 -2481 -2500 -2535 -2564 -2588 -2608 -2629
714 815 807 814 813 806 751 875 880 928 1026 1179 1358 1400 1476 1522 1397 1212 1102 1216 1228 1239 1320 1249 1187 1071 876 745 756 867 841 753 787 352 198 201 41 -34 -46 -56 -71 -118 -214 -396 -608 -519 -681 -757 -749 -949 -1171 -1399 -1532 -1591 -1655 -1743 -1867 -2036 -2086 -2176 -2229 -2349 -2411 -2419 -2459 -2476 -2510 -2548 -2584 -2588 -2586 -2570 -2556 -2546 -2534 -2517 -2506 -2487 -2485 -2502 -2520 -2561 -2587 -2602 -2619 -2637
716 750 775 757 746 821 727 859 819 899 1009 1238 1449 1518 1605 1554 1419 1230 1118 1208 1163 1177 1330 1352 1269 1145 950 873 890 909 977 925 769 110 92 59 -18 -44 -47 -71 -102 -140 -297 -623 -906 -859 -1032 -1181 -1141 -1281 -1464 -1590 -1681 -1703 -1832 -1901 -1953 -2152 -2176 -2195 -2284 -2390 -2411 -2432 -2475 -2493 -2519 -2579 -2601 -2607 -2602 -2593 -2588 -2583 -2565 -2557 -2534 -2507 -2511 -2525 -2551 -2586 -2600 -2613 -2634 -2644
709 714 716 687 811 890 784 889 888 967 1049 1235 1391 1589 1634 1525 1384 1218 1066 1136 1101 1329 1418 1396 1435 1377 1148 1001 961 765 928 717 375 188 129 -12 -36 -41 -48 -73 -104 -142 -390 -867 -1081 -1090 -1251 -1421 -1472 -1515 -1615 -1705 -1795 -1849 -1941 -2032 -2127 -2209 -2319 -2324 -2360 -2397 -2403 -2443 -2476 -2504 -2538 -2601 -2611 -2621 -2619 -2613 -2609 -2599 -2592 -2585 -2555 -2535 -2539 -2551 -2579 -2598 -2609 -2623 -2640 -2650
675 687 650 715 854 900 923 909 937 1047 1068 1201 1401 1464 1648 1566 1445 1240 1065 1011 1189 1371 1405 1512 1609 1504 1320 1114 1003 701 715 354 160 112 40 -12 -10 -10 -44 -74 -85 -181 -602 -1048 -1169 -1286 -1383 -1559 -1729 -1599 -1647 -1763 -1841 -1895 -1984 -2021 -2199 -2217 -2334 -2380 -2394 -2392 -2390 -2437 -2471 -2504 -2547 -2602 -2612 -2631 -2637 -2633 -2626 -2611 -2601 -2598 -2582 -2569 -2571 -2578 -2594 -2606 -2618 -2630 -2646 -2656
717 675 725 779 899 927 940 991 1014 1021 1030 1187 1341 1482 1501 1521 1468 1301 1160 1086 1241 1173 1159 1718 1689 1498 1239 985 773 572 509 255 87 12 -15 -18 -9 -32 -52 -74 -63 -205 -682 -1091 -1259 -1488 -1578 -1691 -1778 -1779 -1787 -1805 -1860 -1954 -2001 -2150 -2198 -2212 -2254 -2325 -2343 -2348 -2385 -2424 -2457 -2504 -2568 -2596 -2612 -2637 -2649 -2648 -2642 -2628 -2619 -2602 -2603 -2595 -2595 -2597 -2608 -2616 -2626 -2643 -2653 -2665
745 781 794 849 900 929 952 1003 1041 987 964 1211 1362 1329 1339 1332 1345 1217 1112 1194 1262 1072 958 1469 1410 1390 1091 738 687 567 399 260 95 -13 -19 -46 -46 -50 -68 -75 -65 -349 -903 -1194 -1379 -1572 -1687 -1749 -1812 -1949 -1951 -1896 -1930 -2015 -2122 -2148 -2131 -2152 -2191 -2218 -2242 -2280 -2360 -2412 -2431 -2471 -2560 -2593 -2614 -2639 -2654 -2654 -2650 -2643 -2638 -2621 -2616 -2612 -2611 -2613 -2618 -2625 -2634 -2652 -2662 -2675
736 747 777 836 849 855 885 956 957 965 1055 1178 1167 1158 1194 1228 1293 1096 1077 1445 1555 1255 1037 1064 1108 1000 797 467 385 284 269 168 6 -15 -47 -47 -44 -48 -69 -79 -101 -536 -1066 -1307 -1517 -1643 -1722 -1802 -1986 -1981 -1985 -1986 -2035 -2079 -1999 -1975 -1977 -2030 -2089 -2109 -2154 -2239 -2354 -2421 -2404 -2499 -2550 -2577 -2614 -2644 -2651 -2653 -2653 -2650 -2642 -2636 -2626 -2622 -2621 -2625 -2630 -2635 -2642 -2655 -2671 -2684
718 736 759 819 854 847 879 928 916 959 1057 1093 1044 1043 1144 1205 1254 1109 1141 1462 1460 1163 942 899 822 739 603 338 270 242 50 -11 -10 -35 -49 -48 -40 -59 -71 -87 -309 -808 -1212 -1478 -1602 -1668 -1747 -1841 -1938 -1896 -1908 -2017 -2053 -1953 -1821 -1781 -1787 -1884 -1947 -1972 -2083 -2242 -2325 -2363 -2405 -2473 -2499 -2551 -2587 -2636 -2649 -2652 -2659 -2657 -2650 -2645 -2638 -2633 -2633 -2638 -2641 -2645 -2653 -2667 -2679 -2693
696 717 749 801 832 828 856 903 870 910 1017 1078 1038 995 1059 1127 1087 986 939 1077 1288 1181 987 921 767 565 294 175 97 90 -4 -18 -36 -50 -50 -43 -47 -67 -78 -192 -484 -1022 -1243 -1488 -1618 -1678 -1767 -1775 -1770 -1772 -1789 -1891 -1977 -1827 -1706 -1673 -1705 -1724 -1719 -1714 -1890 -2103 -2116 -2217 -2300 -2379 -2476 -2542 -2571 -2625 -2648 -2653 -2665 -2661 -2659 -2654 -2649 -2644 -2645 -2650 -2652 -2654 -2667 -2677 -2687 -2702
672 689 726 774 821 838 838 880 829 879 986 1034 1008 972 897 945 1027 1013 853 892 1013 1206 939 650 599 621 259 61 3 -1 -5 -48 -55 -56 -53 -54 -68 -75 -143 -338 -746 -1111 -1347 -1516 -1599 -1661 -1700 -1671 -1660 -1665 -1722 -1809 -1836 -1736 -1656 -1654 -1623 -1577 -1492 -1444 -1467 -1561 -1534 -1577 -2053 -2153 -2308 -2533 -2594 -2612 -2645 -2658 -2667 -2676 -2675 -2670 -2664 -2659 -2658 -2660 -2662 -2664 -2676 -2685 -2696 -2709
677 691 700 717 771 834 808 830 828 860 918 962 953 958 799 913 1031 942 800 677 663 940 807 574 409 386 197 4 -20 -14 -33 -59 -70 -71 -69 -71 -82 -127 -326 -818 -1071 -1310 -1441 -1554 -1606 -1628 -1605 -1496 -1488 -1534 -1617 -1670 -1671 -1636 -1608 -1612 -1398 -1385 -1270 -1113 -975 -852 -740 -794 -1285 -1446 -1894 -2306 -2578 -2604 -2650 -2669 -2671 -2692 -2693 -2691 -2686 -2679 -2674 -2673 -2673 -2674 -2685 -2690 -2707 -2726
679 688 687 691 724 766 780 783 827 838 841 864 876 880 727 912 959 913 942 745 517 489 438 445 462 234 33 -21 -33 -48 -77 -84 -92 -114 -75 -75 -118 -359 -799 -1100 -1208 -1460 -1490 -1570 -1599 -1595 -1483 -1406 -1270 -1342 -1478 -1562 -1526 -1510 -1377 -1332 -943 -814 -691 -687 -684 -440 -312 -328 -400 -625 -1135 -2035 -2264 -2506 -2651 -2678 -2674 -2689 -2701 -2702 -2698 -2695 -2690 -2685 -2684 -2685 -2689 -2698 -2717 -2745
658 667 675 680 697 703 730 746 768 764 791 808 802 770 637 816 834 791 824 814 770 379 222 214 197 79 -20 -21 -30 -68 -90 -94 -99 -103 -83 -63 -338 -734 -1104 -1231 -1422 -1499 -1537 -1588 -1548 -1457 -1402 -1306 -1158 -1190 -1395 -1379 -1288 -1135 -787 -464 -285 -218 -290 -289 -289 -168 -116 -79 -78 -176 -401 -1218 -1864 -2248 -2593 -2677 -2664 -2669 -2702 -2704 -2705 -2702 -2699 -2698 -2699 -2701 -2700 -2707 -2729 -2749
657 665 683 686 703 715 715 724 731 743 759 765 751 738 690 729 703 654 722 766 581 259 190 113 59 -11 -18 -10 -33 -79 -103 -130 -135 -117 -88 -314 -787 -1048 -1176 -1334 -1492 -1528 -1554 -1587 -1484 -1337 -1229 -1109 -995 -941 -1111 -911 -548 -335 -214 -60 -38 -92 -117 -115 -112 -52 -5 0 0 -14 -166 -571 -1413 -2305 -2597 -2652 -2657 -2657 -2701 -2705 -2707 -2708 -2710 -2712 -2714 -2716 -2719 -2728 -2743 -2751
678 698 751 739 742 753 758 723 721 715 720 722 713 702 693 542 558 597 655 610 542 333 202 72 30 -29 -28 -31 -53 -82 -134 -261 -402 -379 -251 -628 -1001 -1146 -1291 -1402 -1492 -1533 -1547 -1474 -1389 -1260 -1036 -802 -607 -603 -614 -211 -60 8 1 -6 -7 -7 -35 -100 -63 -33 -31 -36 -10 -4 -64 -307 -767 -1781 -2530 -2644 -2644 -2667 -2698 -2701 -2708 -2714 -2721 -2730 -2737 -2739 -2742 -2749 -2750 -2751
737 812 892 842 823 838 821 763 731 712 697 681 675 678 705 672 616 573 596 570 437 333 208 81 -2 -23 -24 -57 -71 -119 -192 -552 -757 -934 -896 -1036 -1112 -1190 -1366 -1397 -1466 -1534 -1525 -1451 -1400 -1296 -888 -553 -262 -454 -204 -40 6 3 2 2 -7 -10 -29 -37 -54 -145 -233 -269 -248 -61 -68 -239 -758 -1861 -2524 -2637 -2646 -2653 -2683 -2700 -2707 -2717 -2730 -2742 -2747 -2749 -2750 -2751 -2752 -2749
838 883 894 921 943 969 933 838 754 698 678 664 672 703 670 725 787 670 643 743 585 445 157 80 32 -10 -27 -65 -98 -175 -462 -742 -987 -1013 -1134 -1201 -1209 -1225 -1364 -1359 -1348 -1473 -1469 -1449 -1406 -1232 -879 -448 -126 -99 2 2 4 4 3 3 3 -4 -26 -31 -87 -326 -581 -719 -781 -392 -267 -387 -1148 -2241 -2549 -2636 -2652 -2654 -2672 -2695 -2704 -2718 -2733 -2745 -2751 -2754 -2755 -2756 -2753 -2748
851 916 918 943 997 1036 995 883 743 676 664 691 778 817 815 900 905 722 724 777 515 305 95 76 70 -16 -11 -32 -143 -339 -560 -861 -1031 -1121 -1222 -1223 -1220 -1235 -1266 -1192 -1211 -1313 -1310 -1281 -1240 -1058 -853 -479 -152 -1 -3 -3 2 4 3 4 1 -8 -20 -37 -194 -572 -950 -1099 -1070 -867 -715 -777 -1361 -2314 -2650 -2669 -2664 -2654 -2660 -2682 -2704 -2716 -2730 -2744 -2751 -2755 -2758 -2759 -2754 -2747
848 910 936 969 1000 1023 998 905 758 711 698 755 877 882 957 938 884 785 825 739 415 231 101 98 163 -33 -36 -45 -181 -351 -549 -825 -1142 -1260 -1251 -1225 -1168 -1062 -1005 -919 -1053 -1034 -1017 -957 -904 -885 -696 -362 -148 -55 -30 -23 -8 2 2 2 -10 -12 -28 -139 -434 -834 -1189 -1421 -1344 -1289 -1158 -1198 -1699 -2322 -2688 -2710 -2683 -2657 -2654 -2670 -2698 -2710 -2724 -2743 -2751 -2756 -2760 -2761 -2756 -2750
850 908 962 976 978 1015 1116 1045 863 822 798 835 876 908 951 871 821 771 767 664 446 273 194 254 261 21 -44 -61 -129 -231 -424 -841 -1207 -1256 -1229 -1143 -1044 -854 -716 -636 -700 -669 -672 -646 -672 -679 -568 -441 -173 -158 -106 -53 -7 -4 -1 -1 -20 -27 -119 -389 -855 -1211 -1489 -1625 -1603 -1566 -1430 -1458 -2014 -2412 -2693 -2723 -2692 -2662 -2654 -2670 -2691 -2702 -2715 -2738 -2749 -2755 -2760 -2761 -2758 -2753
834 850 897 888 950 1233 1207 1175 1090 953 878 873 852 896 876 820 849 807 673 582 521 463 268 367 375 168 -16 -30 -94 -143 -258 -691 -1068 -1201 -1139 -1017 -872 -647 -439 -404 -273 -278 -301 -397 -583 -608 -595 -642 -462 -382 -181 -123 -77 -34 -7 -85 -232 -145 -335 -871 -1448 -1558 -1711 -1812 -1766 -1596 -1580 -1665 -2062 -2419 -2620 -2687 -2680 -2659 -2652 -2669 -2684 -2696 -2716 -2736 -2748 -2755 -2758 -2761 -2758 -2753
784 765 796 868 1255 1400 1230 1183 1070 893 821 771 752 813 873 791 742 698 599 638 638 644 654 444 554 197 -13 -14 -28 -64 -263 -455 -866 -1025 -981 -862 -702 -382 -153 -139 -15 -44 -162 -368 -591 -725 -773 -682 -641 -538 -404 -187 -137 -104 -109 -473 -1087 -562 -888 -1477 -1672 -1775 -1797 -1946 -1911 -1771 -1682 -1713 -2036 -2321 -2544 -2645 -2657 -2653 -2651 -2667 -2681 -2694 -2716 -2736 -2747 -2755 -2759 -2758 -2754 -2749
664 663 808 992 1169 1095 967 975 822 728 705 652 690 717 768 798 726 612 587 660 739 844 684 644 808 383 129 4 -2 -83 -118 -240 -662 -825 -845 -698 -495 -266 -28 2 0 -26 -160 -392 -577 -728 -944 -810 -792 -747 -537 -374 -164 -133 -700 -1249 -1184 -1438 -1828 -1878 -1955 -1992 -2003 -1998 -1991 -1984 -1909 -1822 -1913 -2131 -2469 -2613 -2638 -2646 -2657 -2669 -2681 -2694 -2715 -2735 -2747 -2756 -2758 -2756 -2753 -2739
655 734 814 1061 1222 1090 801 795 704 680 570 487 555 638 656 697 643 677 613 625 751 916 855 811 719 551 221 0 -5 -7 -100 -236 -542 -801 -804 -685 -500 -191 -18 -1 -11 -48 -188 -351 -489 -709 -889 -978 -977 -916 -701 -430 -289 -397 -1238 -1929 -1802 -2012 -2191 -2190 -2183 -2079 -2019 -2007 -2008 -2011 -2000 -1934 -2142 -2274 -2495 -2606 -2631 -2644 -2659 -2671 -2682 -2700 -2721 -2736 -2748 -2756 -2758 -2756 -2751 -2727
912 920 1053 1291 1199 1082 1002 797 757 591 478 432 515 583 594 623 731 655 566 685 706 698 368 400 158 185 72 -10 -10 -5 -78 -209 -502 -789 -784 -650 -324 -127 -39 -6 -18 -123 -173 -144 -358 -689 -797 -975 -968 -758 -652 -570 -740 -1427 -2039 -2219 -2103 -2243 -2337 -2284 -2210 -2118 -2071 -2040 -2089 -2081 -2202 -2241 -2311 -2506 -2607 -2614 -2632 -2646 -2661 -2673 -2684 -2701 -2721 -2736 -2748 -2757 -2761 -2757 -2753 -2729
1113 993 1256 1355 1299 1242 1224 1115 1013 647 423 396 411 418 543 575 611 586 483 434 384 248 6 6 79 22 -10 -9 -9 -11 -54 -205 -589 -763 -754 -588 -295 -131 -82 -27 -23 -167 -166 -223 -484 -745 -804 -977 -941 -677 -657 -869 -1511 -2136 -2397 -2389 -2270 -2381 -2336 -2314 -2270 -2219 -2156 -2129 -2189 -2051 -2226 -2351 -2424 -2550 -2615 -2625 -2637 -2652 -2662 -2675 -2687 -2704 -2723 -2737 -2748 -2762 -2764 -2762 -2759 -2741
1153 1263 1508 1525 1489 1415 1276 1292 1027 642 470 407 372 321 396 529 468 517 502 251 176 63 -9 -8 -7 -7 -9 -9 -17 -51 -108 -321 -579 -741 -744 -534 -386 -249 -98 -67 -73 -174 -265 -469 -667 -779 -839 -973 -894 -665 -861 -1460 -2163 -2415 -2520 -2471 -2452 -2429 -2392 -2377 -2337 -2267 -2213 -2190 -2168 -2111 -2151 -2314 -2480 -2606 -2626 -2637 -2644 -2652 -2665 -2678 -2693 -2712 -2726 -2738 -2749 -2765 -2769 -2771 -2773 -2771
1364 1488 1546 1476 1364 1250 1345 1140 901 751 638 492 483 355 230 264 207 270 295 123 56 -23 -10 -33 -17 -18 -20 -25 -61 -151 -178 -407 -611 -797 -842 -664 -620 -389 -291 -183 -178 -350 -531 -748 -828 -823 -927 -1026 -943 -966 -1375 -2091 -2567 -2585 -2553 -2541 -2542 -2499 -2458 -2434 -2396 -2288 -2234 -2220 -2182 -2255 -2172 -2325 -2489 -2617 -2639 -2647 -2650 -2655 -2670 -2682 -2698 -2718 -2731 -2739 -2754 -2768 -2776 -2780 -2785 -2790
1298 1359 1265 1239 1116 1121 1126 970 886 844 726 512 398 291 166 128 87 99 81 30 -25 -22 -37 -47 -51 -78 -80 -85 -126 -343 -380 -534 -699 -848 -970 -882 -881 -700 -560 -574 -523 -784 -988 -1062 -1109 -998 -1110 -1174 -1434 -1664 -2101 -2496 -2592 -2588 -2564 -2583 -2593 -2563 -2536 -2505 -2447 -2352 -2293 -2264 -2341 -2300 -2310 -2412 -2541 -2618 -2642 -2651 -2654 -2663 -2677 -2689 -2708 -2723 -2735 -2742 -2757 -2770 -2780 -2787 -2791 -2789
1050 1035 976 1017 1091 1177 1100 926 840 832 860 598 431 302 94 117 162 93 46 -24 -22 -35 -83 -88 -95 -116 -164 -192 -354 -509 -589 -760 -820 -985 -1009 -1055 -1163 -1098 -980 -1032 -1065 -1242 -1341 -1312 -1237 -1180 -1399 -1468 -1950 -2444 -2535 -2609 -2614 -2623 -2603 -2621 -2624 -2605 -2594 -2569 -2529 -2535 -2433 -2419 -2550 -2384 -2394 -2452 -2577 -2619 -2641 -2652 -2662 -2675 -2684 -2696 -2716 -2729 -2738 -2743 -2758 -2771 -2780 -2788 -2787 -2775
862 847 891 997 1067 1103 1038 934 779 646 782 942 576 358 374 309 168 7 3 -9 -37 -19 -46 -193 -199 -250 -384 -500 -664 -776 -726 -901 -1012 -1025 -1048 -1179 -1415 -1412 -1484 -1503 -1401 -1497 -1503 -1446 -1442 -1450 -1720 -1965 -2039 -2582 -2643 -2652 -2660 -2659 -2638 -2640 -2645 -2639 -2625 -2598 -2594 -2591 -2586 -2558 -2590 -2522 -2584 -2589 -2607 -2630 -2645 -2660 -2673 -2685 -2693 -2705 -2723 -2736 -2743 -2748 -2757 -2769 -2777 -2783 -2782 -2772
756 781 1077 1277 1278 1296 1175 904 596 479 532 505 246 320 255 175 87 3 -6 -29 -20 -42 -74 -141 -214 -333 -693 -974 -1037 -874 -693 -1247 -1586 -1596 -1569 -1641 -1630 -1590 -1630 -1960 -1646 -1655 -1682 -1648 -1541 -1583 -1933 -2065 -2582 -2656 -2663 -2689 -2697 -2670 -2655 -2651 -2648 -2649 -2639 -2623 -2605 -2603 -2602 -2603 -2593 -2597 -2599 -2625 -2638 -2650 -2658 -2675 -2690 -2702 -2708 -2730 -2738 -2745 -2749 -2752 -2757 -2763 -2769 -2773 -2773 -2767
878 928 1136 1190 1143 1178 999 849 683 478 416 356 212 215 191 160 41 -4 -20 -18 -32 -92 -142 -179 -278 -501 -900 -1093 -1211 -1155 -1251 -1714 -1767 -1989 -1940 -2062 -1836 -1932 -2028 -2020 -1996 -1909 -1902 -1975 -1937 -1890 -2095 -2549 -2604 -2660 -2678 -2713 -2719 -2695 -2678 -2663 -2656 -2658 -2658 -2657 -2657 -2657 -2657 -2656 -2612 -2631 -2633 -2649 -2656 -2667 -2683 -2696 -2705 -2725 -2735 -2746 -2748 -2749 -2749 -2750 -2751 -2755 -2759 -2762 -2763 -2759
1064 1041 1117 1029 914 965 841 730 570 394 447 416 172 147 159 127 0 -8 -12 -13 -49 -99 -134 -241 -347 -541 -784 -1014 -1319 -1493 -1742 -2028 -2221 -2280 -2277 -2392 -2221 -2174 -2245 -2209 -2135 -2152 -2212 -2279 -2228 -2276 -2532 -2604 -2655 -2661 -2689 -2710 -2716 -2711 -2703 -2700 -2682 -2682 -2684 -2686 -2687 -2690 -2691 -2685 -2662 -2660 -2661 -2672 -2685 -2690 -2699 -2707 -2730 -2747 -2749 -2752 -2753 -2752 -2748 -2746 -2747 -2749 -2752 -2754 -2754 -2752
1273 1190 1099 879 660 576 487 401 378 218 281 217 44 5 -232 -221 1 -7 -22 -49 -124 -171 -168 -280 -413 -633 -1021 -1245 -1675 -1892 -2008 -2292 -2608 -2638 -2632 -2609 -2502 -2459 -2470 -2453 -2449 -2493 -2610 -2597 -2511 -2553 -2604 -2652 -2655 -2669 -2694 -2707 -2716 -2720 -2714 -2708 -2703 -2703 -2704 -2704 -2705 -2705 -2706 -2694 -2692 -2690 -2691 -2700 -2703 -2702 -2707 -2728 -2746 -2750 -2751 -2751 -2752 -2752 -2746 -2744 -2745 -2746 -2748 -2749 -2749 -2749
