REKUR/basedata/Elev-Europe.asc
ncols 	590                                                                                                                                                                                                                                                                                                                                                                                                                                                                                                                                                                                                            
nrows 	258                                                                                                                                                                                                                                                                                                                                                                                                                                                                                                                                                                                                            
xllcorner 	-2868800                                                                                                                                                                                                                                                                                                                                                                                                                                                                                                                                                                                                            
yllcorner 	200792                                                                                                                                                                                                                                                                                                                                                                                                                                                                                                                                                                                                            
cellsize 	10000                                                                                                                                                                                                                                                                                                                                                                                                                                                                                                                                                                                                            
NODATA_value 	-9999                                                                                                                                                                                                                                                                                                                                                                                                                                                                                                                                                                                                            
[rows 76 to 113 of 258, columns 172 to 257 of 590]
-132 -134 -124 -113 -109 -118 -119 -114 -106 -104 -89 -60 -59 -58 -48 -2 -3 -6 9 14 87 101 82 64 42 47 49 48 65 69 74 71 77 68 78 89 81 62 73 70 55 50 59 84 131 156 150 174 181 154 134 133 131 133 133 122 140 129 115 104 100 111 130 163 158 95 163 169 190 215 173 137 128 163 182 207 272 309 291 300 340 372 359 374 343 334
-128 -144 -126 -106 -100 -113 -118 -116 -113 -108 -101 -88 -79 -62 -56 -42 -10 -5 -10 -10 11 44 64 60 36 28 41 40 45 54 80 72 75 63 56 58 65 50 44 42 59 57 82 129 139 154 146 178 175 126 121 127 127 127 129 137 135 135 119 106 101 114 129 172 153 175 200 216 219 198 168 142 149 193 247 259 263 315 301 323 354 408 381 362 366 337
-136 -141 -136 -117 -98 -104 -114 -116 -118 -113 -107 -102 -96 -79 -56 -42 -22 -6 -10 -8 -9 11 24 35 27 29 40 47 46 59 49 68 69 60 50 51 52 46 47 55 58 73 90 133 134 126 120 128 128 123 132 132 123 116 119 119 132 138 130 106 107 130 143 173 175 171 184 139 135 143 159 170 193 241 277 292 263 297 328 373 391 364 367 388 375 347
-184 -158 -144 -127 -104 -104 -108 -112 -117 -117 -112 -109 -103 -94 -59 -50 -25 -9 -8 -4 -6 -7 -10 15 17 30 44 44 45 40 43 51 63 59 55 48 46 46 49 54 65 72 115 109 110 106 117 110 117 121 122 125 113 104 107 108 113 125 134 123 114 132 158 174 182 120 127 131 148 178 207 235 244 250 270 292 276 307 339 369 407 365 371 386 358 347
-220 -186 -147 -134 -117 -111 -104 -105 -113 -118 -115 -113 -111 -100 -74 -58 -27 -24 -14 -11 -5 -1 12 9 17 36 47 42 38 34 45 41 48 58 59 45 42 50 60 65 78 74 115 96 99 125 132 124 122 119 110 114 105 103 114 120 126 129 139 138 132 147 179 182 221 167 156 171 208 199 240 289 241 273 282 294 306 336 384 393 399 353 353 337 298 315
-543 -212 -163 -141 -134 -122 -99 -102 -118 -119 -118 -117 -117 -101 -91 -68 -54 -42 -27 -16 -8 -7 5 -2 15 39 56 55 36 43 56 63 63 64 49 45 41 36 45 58 74 74 82 109 113 136 128 118 111 107 97 96 106 111 122 130 140 149 155 148 163 168 193 208 238 227 192 179 220 211 229 270 260 281 306 320 362 386 419 415 360 327 331 284 274 284
-937 -522 -212 -166 -142 -128 -114 -117 -123 -122 -119 -119 -121 -111 -98 -84 -65 -49 -36 -22 -14 -5 -10 -10 6 42 19 23 33 47 67 96 85 97 61 53 45 40 28 40 52 82 87 106 103 113 106 92 93 100 98 94 101 109 117 131 143 163 165 163 179 190 210 226 261 276 225 196 220 237 257 251 306 326 346 377 407 427 430 384 340 322 321 287 253 256
-1193 -946 -492 -182 -140 -128 -124 -139 -136 -130 -120 -122 -122 -119 -109 -94 -69 -56 -41 -29 -17 -7 -3 -10 -2 26 23 23 23 50 66 92 92 91 82 74 62 77 43 23 59 66 82 75 72 69 86 97 112 103 105 105 105 110 119 129 146 183 188 207 194 184 209 261 280 219 149 191 229 266 295 292 305 343 382 415 457 429 397 343 312 320 311 284 278 259
-1835 -1298 -535 -216 -170 -111 -112 -139 -149 -131 -122 -122 -125 -120 -113 -102 -82 -63 -43 -37 -24 -13 -1 -10 -4 23 28 26 24 43 45 82 85 73 88 73 61 72 59 53 38 54 67 69 78 79 89 94 127 105 111 100 99 101 120 132 157 189 223 241 214 178 217 246 256 206 201 220 219 239 260 277 339 352 396 414 417 368 299 284 291 275 246 271 239 266
-2438 -1323 -806 -329 -175 -68 -52 -135 -152 -134 -119 -118 -124 -123 -118 -101 -92 -67 -52 -44 -34 -20 -2 -10 6 42 29 34 38 57 81 70 85 105 141 99 88 61 46 66 75 61 101 100 104 97 97 105 139 124 97 88 97 108 132 153 172 214 248 291 222 168 197 243 285 234 233 225 268 313 314 334 332 433 425 484 474 371 290 255 250 229 220 227 266 318
-2716 -1959 -1260 -568 -217 -64 -22 -91 -127 -125 -118 -117 -122 -123 -117 -110 -94 -75 -62 -53 -45 -18 -1 -6 32 34 41 53 55 59 42 55 134 157 161 141 92 58 56 74 73 59 69 75 101 115 123 119 136 132 115 113 114 124 120 130 170 230 271 296 226 165 195 284 308 252 231 255 351 434 448 389 386 416 479 516 409 289 272 236 221 213 226 274 308 294
-3200 -2408 -1452 -1054 -444 -183 -18 -77 -100 -116 -114 -113 -117 -123 -120 -115 -101 -87 -74 -63 -47 -31 -5 -8 18 31 42 52 60 46 39 60 128 170 165 171 144 99 74 84 86 73 81 71 86 108 128 117 130 148 143 139 135 136 127 127 151 188 185 199 196 173 207 243 300 267 233 258 387 522 541 467 430 417 461 505 390 246 240 215 202 224 254 296 276 316
-3809 -2742 -1973 -1242 -827 -355 -90 -62 -89 -101 -105 -105 -112 -120 -121 -117 -107 -94 -81 -68 -53 -47 -8 -6 1 34 43 57 77 65 61 72 157 183 185 176 155 115 100 111 99 97 98 86 94 108 119 122 129 152 146 162 163 155 140 128 138 154 161 182 204 192 218 224 325 308 264 283 396 533 536 490 430 415 434 504 385 230 215 205 205 230 254 268 326 425
-4038 -3138 -2320 -1712 -1567 -1075 -193 -111 -93 -99 -103 -107 -104 -112 -121 -118 -109 -98 -87 -69 -57 -48 -14 -7 -2 19 33 50 74 85 67 77 135 148 190 191 172 145 137 111 107 99 94 95 107 101 109 125 114 131 139 164 164 152 151 151 156 167 185 196 211 201 202 224 305 314 256 290 421 525 481 417 382 409 495 497 365 214 202 200 221 238 256 300 391 494
-4174 -3427 -2683 -2365 -2043 -1484 -717 -193 -135 -108 -109 -114 -99 -100 -118 -119 -110 -102 -90 -73 -57 -46 -33 -16 -11 2 34 55 71 67 60 64 90 123 156 196 182 169 160 114 111 90 87 105 124 106 103 104 109 124 144 155 157 159 158 161 162 182 222 228 216 205 205 234 266 259 240 314 565 555 405 368 409 405 439 430 253 209 200 196 223 236 270 365 462 592
-4244 -3695 -3134 -2910 -2804 -1920 -964 -476 -171 -103 -111 -123 -107 -98 -111 -119 -110 -103 -90 -71 -55 -49 -36 -25 -18 -6 13 39 50 32 27 31 82 116 165 182 187 187 153 133 87 100 107 119 130 113 113 107 116 124 149 159 175 173 173 176 171 181 198 214 215 211 204 216 234 230 294 483 572 470 336 442 459 408 379 251 198 193 187 192 221 237 336 479 629 749
-4258 -3978 -3746 -3546 -3517 -2466 -1565 -839 -191 -137 -126 -129 -117 -96 -97 -116 -110 -102 -90 -64 -50 -50 -44 -33 -20 -11 -6 6 19 20 20 21 40 47 74 87 138 165 147 147 113 111 117 117 121 109 108 119 118 137 154 177 200 215 215 201 202 207 222 227 263 245 218 226 210 247 237 301 316 314 345 394 364 319 293 209 189 190 194 199 221 252 514 647 781 838
-4406 -4388 -4164 -4013 -3544 -3023 -2729 -1009 -603 -198 -143 -131 -130 -104 -110 -114 -110 -99 -96 -69 -50 -50 -48 -42 -28 -17 -4 -6 -10 1 18 20 22 38 57 72 116 124 140 143 117 124 117 112 116 121 119 128 151 187 193 227 212 218 227 215 231 230 301 280 272 265 232 210 224 221 236 283 321 333 324 313 330 378 287 201 197 199 201 210 243 350 570 658 837 932
-4559 -4479 -4378 -4333 -4016 -3862 -2164 -1931 -1049 -194 -191 -166 -140 -106 -102 -110 -105 -99 -96 -71 -52 -50 -50 -47 -35 -19 -9 -2 -6 11 20 20 21 21 37 72 111 132 135 127 119 128 136 132 125 134 154 160 185 253 288 324 302 275 289 276 278 271 250 297 285 278 243 229 229 244 258 317 311 296 308 329 345 333 249 191 188 200 200 211 286 437 577 729 987 1088
-4604 -4537 -4447 -4144 -4017 -3510 -2949 -2480 -1492 -362 -219 -196 -153 -94 -98 -111 -105 -99 -96 -82 -59 -54 -53 -50 -41 -21 -12 -5 -4 4 19 20 31 33 49 70 98 132 138 135 128 138 135 153 161 175 185 211 271 293 309 293 339 374 373 307 318 290 304 303 300 302 300 275 266 259 256 307 293 268 319 345 369 302 228 225 191 199 197 268 414 502 654 871 1105 1098
-4651 -4624 -4519 -4237 -4031 -3460 -3365 -2755 -1753 -823 -273 -208 -159 -96 -98 -114 -107 -98 -98 -88 -70 -62 -60 -55 -42 -27 -15 -6 -6 0 18 21 37 47 68 79 91 130 140 133 143 159 161 171 191 219 235 262 310 341 336 336 340 412 442 399 399 315 332 361 371 377 386 298 273 271 292 281 270 261 299 335 297 301 267 224 191 200 203 379 486 538 779 982 1156 1144
-4646 -4638 -4577 -4368 -4138 -4079 -3698 -2777 -1938 -1415 -734 -272 -166 -123 -98 -111 -111 -101 -99 -97 -85 -72 -67 -58 -44 -33 -18 -5 -4 -5 16 22 28 43 60 84 107 116 137 121 145 163 181 193 215 228 238 306 348 374 388 391 368 447 470 434 450 408 412 406 393 401 377 278 286 309 349 333 280 326 348 356 356 360 282 198 197 206 264 393 471 575 757 1110 1241 1072
-4590 -4622 -4583 -4422 -4287 -4071 -3709 -3316 -2391 -2060 -1058 -277 -186 -127 -90 -99 -116 -107 -99 -99 -90 -78 -72 -61 -49 -40 -23 -9 -3 -1 16 21 27 46 52 73 93 90 109 108 145 168 191 198 260 299 313 359 428 468 443 436 434 455 468 442 470 494 545 524 414 350 323 293 316 334 340 327 291 375 416 451 441 455 228 191 203 213 312 425 466 684 757 1160 1098 718
-4581 -4610 -4554 -4444 -4386 -4147 -3955 -3786 -3033 -2624 -1713 -1175 -399 -139 -81 -91 -117 -110 -96 -97 -95 -85 -74 -63 -53 -40 -29 -15 -3 10 23 26 41 61 48 62 85 83 76 98 132 169 209 234 276 316 348 418 442 448 467 527 515 451 430 498 516 542 657 603 465 368 332 315 305 419 458 370 313 339 389 599 565 565 194 210 220 225 314 427 639 791 879 1083 650 449
-4596 -4601 -4567 -4496 -4412 -4283 -4179 -3882 -3704 -3327 -2789 -1608 -395 -153 -65 -74 -108 -110 -95 -95 -98 -93 -76 -65 -50 -42 -31 -17 -8 11 20 35 44 49 45 48 102 92 84 99 111 211 214 229 236 260 323 344 353 378 459 557 592 565 567 628 667 706 651 594 544 477 383 332 450 534 586 658 478 330 469 626 637 393 195 240 259 263 309 432 797 981 860 620 444 466
-4602 -4601 -4589 -4509 -4417 -4398 -4206 -3999 -3892 -3730 -3276 -1664 -408 -141 -79 -89 -147 -123 -95 -94 -98 -91 -80 -68 -51 -43 -30 -21 -6 16 22 45 38 32 37 45 74 70 78 128 110 209 241 250 267 269 311 300 395 410 529 586 654 664 635 710 747 665 661 672 632 400 315 320 459 741 918 768 458 373 456 571 569 201 223 279 285 286 284 448 846 1005 732 467 614 678
-4605 -4603 -4584 -4541 -4485 -4404 -4302 -4098 -3992 -3670 -2467 -1302 -438 -131 -146 -59 -162 -139 -113 -97 -99 -96 -81 -64 -55 -46 -35 -24 -8 0 18 38 41 50 52 60 64 89 115 120 133 172 241 334 349 344 343 304 361 412 554 658 752 807 760 772 754 728 699 839 827 443 322 342 462 666 764 647 499 429 567 597 442 227 232 280 282 262 325 544 856 999 464 549 653 853
-4609 -4601 -4589 -4559 -4507 -4417 -4330 -4235 -4137 -3597 -2886 -1850 -649 -303 -183 -170 -131 -164 -123 -109 -100 -99 -86 -70 -59 -47 -37 -21 -7 -1 5 36 48 60 57 74 82 100 133 153 141 176 251 332 380 383 374 382 370 462 517 676 787 821 802 804 741 784 914 868 807 492 385 405 397 656 897 650 466 423 615 592 392 271 287 264 241 238 303 645 824 672 516 520 633 1005
-4602 -4592 -4579 -4540 -4471 -4423 -4379 -4260 -4075 -3683 -2663 -1625 -1365 -913 -518 -359 -183 -132 -135 -123 -110 -101 -87 -75 -60 -49 -37 -18 -5 5 -3 16 61 65 66 87 85 110 127 131 145 176 234 285 292 336 358 402 398 544 558 714 826 777 713 740 746 872 999 1002 770 465 500 540 574 630 1126 675 388 358 518 623 483 316 268 207 217 265 298 626 657 407 526 483 743 875
-4562 -4567 -4535 -4472 -4430 -4386 -4308 -4145 -3917 -3734 -3030 -2469 -2425 -1985 -1671 -1002 -220 -195 -162 -131 -124 -104 -95 -74 -56 -48 -36 -16 3 18 6 7 50 65 83 104 88 96 103 118 163 178 198 233 246 303 340 390 423 463 507 608 748 735 679 661 744 912 1246 1155 804 527 551 667 851 696 1161 911 425 373 488 589 554 319 228 243 262 278 293 454 439 361 417 616 988 1059
-4479 -4510 -4459 -4406 -4357 -4311 -4188 -3995 -3838 -3794 -3451 -3132 -2927 -2641 -2706 -2204 -953 -633 -205 -179 -144 -105 -99 -76 -60 -46 -31 -16 13 22 12 26 44 68 89 103 84 83 101 119 143 174 181 198 235 239 264 433 392 404 449 473 615 647 635 597 695 908 1244 1190 926 610 572 765 1014 702 998 1002 534 415 517 658 467 339 232 266 335 320 298 286 305 616 382 788 1105 1166
-4426 -4429 -4403 -4336 -4303 -4250 -4060 -3971 -3870 -3796 -3633 -3315 -2944 -2897 -2946 -2783 -1979 -1545 -989 -454 -168 -119 -100 -90 -66 -46 -32 -11 17 26 -3 17 13 62 71 73 66 87 107 115 196 197 189 178 220 246 227 348 409 416 420 431 540 574 579 571 654 894 1086 1169 981 683 634 833 983 690 856 1019 746 549 545 575 565 417 285 325 395 413 401 388 327 637 516 546 694 1047
-4338 -4316 -4262 -4231 -4282 -4221 -4008 -3997 -3958 -3849 -3757 -3316 -2995 -3048 -3128 -2927 -2680 -2110 -1628 -679 -195 -165 -112 -93 -59 -48 -30 -4 20 38 25 17 28 52 51 43 50 64 78 110 145 208 194 203 227 193 215 283 379 367 487 477 546 557 600 672 796 970 1041 1127 962 708 548 588 943 817 892 940 790 635 709 919 849 378 286 335 413 506 528 539 542 690 1005 414 779 1523
-4245 -4241 -3926 -3865 -4271 -4100 -4028 -3995 -3903 -3795 -3382 -3008 -2979 -2557 -2593 -2976 -2794 -2218 -1557 -1010 -486 -192 -124 -93 -58 -49 -29 -2 22 42 33 20 15 20 28 43 58 68 91 114 139 183 204 220 225 226 208 203 269 358 526 596 551 589 618 806 1250 1126 1168 1066 936 869 759 666 956 1030 898 817 723 772 882 869 637 453 211 288 364 389 451 455 501 1073 1243 884 1466 1883
-4175 -4233 -4320 -4322 -4270 -4135 -3996 -3959 -3855 -3474 -2847 -2281 -2069 -2132 -2532 -2592 -2319 -1793 -1221 -972 -390 -178 -134 -78 -61 -41 -12 1 32 49 48 12 44 34 24 37 49 63 88 106 133 158 188 155 169 217 260 225 343 276 536 563 545 604 724 856 1234 1419 1209 973 986 1019 906 675 988 994 871 769 742 818 908 861 614 255 257 299 432 516 487 372 918 1122 770 1590 2007 1545
-3718 -3782 -3788 -3921 -4227 -3980 -3743 -3798 -3801 -3556 -2923 -2260 -1902 -1814 -2087 -2035 -1935 -1548 -986 -872 -373 -159 -125 -86 -69 -44 -12 13 38 56 57 16 55 70 58 67 72 79 66 62 135 120 117 129 162 208 213 228 234 250 322 489 579 621 694 830 1098 1169 1162 993 958 1059 1094 747 964 996 783 824 1010 946 937 913 652 300 271 338 451 459 492 951 485 402 829 1899 2238 2082
-2425 -2732 -2881 -3485 -3918 -3625 -3108 -3682 -3720 -3744 -3156 -2141 -1884 -1783 -1677 -1685 -1570 -1196 -866 -413 -207 -135 -105 -95 -72 -39 -14 10 31 56 62 35 25 71 89 71 67 101 90 93 98 125 155 181 186 185 155 191 253 328 423 507 613 619 611 734 882 1042 1028 991 949 982 1076 904 935 941 799 915 1205 1091 892 728 571 309 231 272 303 468 921 1179 517 600 1423 1508 2274 2476
-1569 -2003 -2519 -2977 -3607 -3137 -3093 -3600 -3744 -3547 -2599 -1903 -1783 -1632 -1531 -1532 -1345 -1125 -775 -369 -216 -116 -98 -97 -67 -39 -15 18 34 52 61 53 27 56 104 87 66 85 88 101 107 127 188 219 219 187 194 286 301 360 453 517 584 616 688 701 771 898 975 1016 1059 1022 1127 1096 989 1096 949 1019 1306 1116 846 656 584 364 150 225 387 705 1051 1128 787 938 1821 1721 2027 2637
