REKUR/basedata/Elev-Europe.asc
ncols 	590                                                                                                                                                                                                                                                                                                                                                                                                                                                                                                                                                                                                            
nrows 	258                                                                                                                                                                                                                                                                                                                                                                                                                                                                                                                                                                                                            
xllcorner 	-2868800                                                                                                                                                                                                                                                                                                                                                                                                                                                                                                                                                                                                            
yllcorner 	200792                                                                                                                                                                                                                                                                                                                                                                                                                                                                                                                                                                                                            
cellsize 	10000                                                                                                                                                                                                                                                                                                                                                                                                                                                                                                                                                                                                            
NODATA_value 	-9999                                                                                                                                                                                                                                                                                                                                                                                                                                                                                                                                                                                                            
[rows 114 to 151 of 258, columns 86 to 171 of 590]
-5444 -5458 -5459 -5455 -5450 -5444 -5417 -5411 -5407 -5394 -5405 -5410 -5406 -5396 -5297 -5034 -4938 -4811 -4385 -4210 -4064 -3168 -2177 -1168 -929 -833 -902 -1413 -1902 -1903 -2092 -2184 -2436 -2648 -3210 -3343 -3321 -3295 -3237 -3184 -2999 -2283 -2013 -1655 -643 -278 -112 -56 -50 -22 2 -10 -43 -23 0 7 363 454 554 186 110 196 46 -30 -43 -45 -47 -205 -150 -104 -151 -430 -581 -289 -119 -567 -364 -169 -209 -518 -692 -671 -842 -978 -1029 -1074
-5445 -5453 -5454 -5454 -5448 -5442 -5439 -5433 -5431 -5416 -5424 -5421 -5406 -5394 -5263 -5088 -4989 -4913 -4567 -4242 -4052 -3324 -2093 -1338 -960 -886 -950 -1487 -1802 -1786 -1846 -1988 -2140 -2633 -3124 -3139 -3189 -3222 -3154 -3013 -2894 -2025 -1899 -1137 -454 -153 -52 -2 3 8 9 6 5 4 6 9 408 482 520 663 549 442 233 118 203 306 -4 -39 -38 -37 -84 -173 -197 -132 -17 -81 -86 -82 -104 -213 -291 -361 -628 -1589 -1332 -1513
-5435 -5450 -5451 -5448 -5414 -5433 -5448 -5444 -5445 -5444 -5446 -5432 -5412 -5370 -5291 -5189 -5150 -4946 -4604 -4324 -3702 -3059 -2203 -1880 -1032 -1159 -1187 -1296 -1647 -1731 -1797 -1971 -2288 -2606 -2755 -2961 -3097 -3154 -2971 -2718 -2645 -2008 -1196 -827 -443 -96 -1 9 10 11 10 11 10 10 10 290 493 499 479 494 513 474 357 429 552 483 216 442 261 374 301 78 49 65 -4 -10 -16 -51 -70 -103 -176 -227 -824 -1194 -1820 -1891
-5435 -5448 -5448 -5426 -5300 -5363 -5400 -5433 -5449 -5449 -5449 -5428 -5394 -5370 -5312 -5262 -5189 -4969 -4761 -4358 -3762 -3186 -2782 -2071 -1880 -1808 -1714 -1515 -1688 -1789 -1803 -1963 -2039 -2421 -2519 -2721 -3000 -2947 -2725 -2611 -2585 -1962 -989 -579 -172 -58 4 390 332 277 258 8 9 10 13 383 525 498 450 422 477 503 510 652 522 535 588 470 628 579 257 223 231 181 2 -10 -11 -13 -27 -57 -87 -195 -308 -1002 -1103 -1130
-5426 -5442 -5438 -5414 -5402 -5267 -5348 -5418 -5445 -5450 -5445 -5423 -5405 -5399 -5321 -5293 -5251 -5065 -4771 -4364 -3993 -3359 -3006 -2939 -2643 -2154 -1884 -1542 -1739 -1879 -1804 -1807 -1826 -2052 -2342 -2631 -2902 -2833 -2664 -2429 -2264 -1953 -951 -384 -174 -77 164 267 275 207 285 301 348 236 25 458 548 527 420 446 580 613 623 639 536 772 859 566 527 524 330 263 292 283 169 336 198 168 -10 -36 -71 -95 -147 -266 -308 -684
-5437 -5446 -5440 -5424 -5406 -5284 -5379 -5405 -5444 -5450 -5448 -5436 -5421 -5403 -5328 -5309 -5206 -5021 -4957 -4611 -3982 -3358 -3231 -2975 -2561 -2341 -1941 -1842 -1996 -2014 -1879 -1840 -1827 -2026 -2186 -2680 -2853 -2764 -2636 -2412 -2199 -1882 -939 -457 -177 -74 27 100 197 162 249 303 292 378 488 596 576 536 485 551 615 748 740 727 834 955 731 706 983 772 593 534 413 377 367 330 366 274 17 38 55 74 -14 -180 -321 -818
-5437 -5447 -5443 -5429 -5412 -5402 -5404 -5421 -5440 -5449 -5448 -5438 -5425 -5397 -5352 -5288 -5229 -5114 -4981 -4487 -4064 -3905 -3282 -2804 -2506 -2418 -2106 -2155 -2304 -2209 -2057 -2013 -1915 -2132 -2447 -2596 -2760 -2692 -2609 -2409 -2008 -1681 -944 -422 -136 -80 -31 113 92 180 164 269 351 432 483 555 582 545 527 492 593 713 666 700 883 996 886 1083 1259 1009 904 959 798 502 505 623 641 656 299 437 538 633 106 -130 -173 -244
-5443 -5450 -5447 -5442 -5427 -5415 -5422 -5430 -5443 -5450 -5449 -5439 -5420 -5375 -5329 -5282 -5215 -5065 -4980 -4619 -4158 -3998 -3684 -2958 -2685 -2520 -2434 -2425 -2420 -2391 -2288 -2207 -2286 -2485 -2568 -2685 -2760 -2701 -2587 -2320 -2015 -1853 -936 -434 -179 -85 -24 5 61 233 346 489 509 563 597 586 544 473 494 564 669 712 724 984 1005 1162 1186 1373 1433 1338 1332 1119 847 793 819 911 1006 996 758 1009 1129 1023 410 194 130 96
-5448 -5450 -5452 -5450 -5441 -5438 -5442 -5445 -5449 -5449 -5445 -5432 -5408 -5375 -5325 -5270 -5197 -5064 -4916 -4429 -4067 -4002 -3698 -2988 -2888 -2602 -2507 -2481 -2513 -2505 -2460 -2486 -2640 -2697 -2720 -2795 -2743 -2654 -2516 -2306 -2013 -1374 -990 -776 -184 -102 -43 -8 134 321 488 641 608 603 708 636 484 562 588 611 786 787 919 1273 1229 1227 1279 1423 1379 1504 1557 1410 1226 1230 1159 1382 1447 1203 1157 1424 1598 1423 712 638 464 402
-5448 -5451 -5454 -5454 -5451 -5451 -5450 -5451 -5450 -5446 -5440 -5427 -5398 -5357 -5314 -5269 -5159 -5074 -4762 -4141 -4017 -3853 -3393 -3087 -2943 -2663 -2537 -2458 -2598 -2709 -2690 -2550 -2820 -2833 -2820 -2790 -2689 -2595 -2505 -2261 -2000 -1308 -962 -569 -189 -109 -62 50 135 306 639 675 639 703 743 639 533 610 579 663 909 935 1006 1100 1150 1004 1246 1458 1430 1452 1528 1420 1403 1469 1390 1534 1419 1418 1391 1469 1590 1221 818 1103 821 686
-5445 -5450 -5452 -5455 -5457 -5459 -5456 -5454 -5450 -5445 -5434 -5413 -5386 -5344 -5313 -5251 -5180 -5117 -4865 -4216 -4056 -3781 -3402 -3059 -2832 -2697 -2531 -2404 -2677 -2815 -2868 -2778 -2872 -2879 -2832 -2770 -2669 -2563 -2422 -2208 -2052 -1137 -774 -428 -191 -109 -66 12 194 353 729 655 418 552 546 514 512 484 598 841 1036 1094 1026 808 813 796 1086 1231 1481 1474 1306 1199 1289 1324 1280 1299 1215 1366 1298 1374 1596 1351 1087 1288 1261 952
-5445 -5445 -5443 -5452 -5462 -5464 -5461 -5455 -5449 -5439 -5427 -5409 -5384 -5332 -5297 -5256 -5212 -5114 -4881 -4481 -4125 -3652 -3269 -3025 -2801 -2556 -2445 -2473 -2629 -2811 -2946 -2935 -2940 -2930 -2833 -2776 -2671 -2560 -2429 -2251 -1999 -1028 -715 -388 -177 -112 -69 -21 252 409 566 514 311 352 363 557 498 451 636 728 1046 1107 868 721 646 684 820 880 1244 1325 1190 1065 1166 1144 1109 1083 1125 1329 1292 1335 1457 1542 1376 1536 1466 1060
-5446 -5454 -5452 -5456 -5462 -5465 -5464 -5451 -5449 -5439 -5427 -5398 -5350 -5313 -5293 -5256 -5153 -5002 -4836 -4355 -3966 -3690 -3303 -3085 -2711 -2610 -2607 -2650 -2767 -2814 -2936 -2998 -3001 -2992 -2879 -2775 -2659 -2568 -2473 -2249 -1994 -1471 -901 -194 -111 -116 165 179 205 178 579 384 267 338 383 575 758 639 855 861 833 813 705 563 559 693 986 1217 1154 1061 990 1008 1062 972 1006 945 1078 1126 1129 1160 1365 1382 1210 1079 1078 1020
-5430 -5433 -5443 -5458 -5460 -5464 -5463 -5457 -5449 -5438 -5416 -5393 -5359 -5317 -5260 -5216 -5187 -4965 -4586 -3991 -3879 -3616 -3117 -3009 -2828 -2825 -2827 -2820 -2825 -2934 -3043 -3089 -3177 -3166 -2925 -2815 -2748 -2584 -2418 -2256 -2127 -1018 -660 -189 -106 -92 77 134 134 346 253 463 434 472 533 646 863 1006 1012 628 600 918 1058 975 1098 1155 1381 1217 1070 929 911 926 915 891 890 899 968 997 1041 1096 1119 1112 1065 1025 973 996
-5422 -5422 -5429 -5438 -5445 -5457 -5462 -5461 -5448 -5439 -5425 -5407 -5361 -5313 -5262 -5209 -5141 -4864 -4313 -3915 -3515 -3179 -3040 -3063 -3009 -3022 -3101 -3033 -3032 -3099 -3123 -3106 -3128 -3155 -3028 -2935 -2720 -2599 -2492 -2293 -2000 -1097 -563 -174 -119 -74 80 199 213 278 716 1040 786 722 677 636 848 1160 1400 898 903 1130 1385 1431 1198 1569 1482 1126 923 879 861 872 870 826 816 863 908 967 1005 1014 1038 1032 984 957 994 983
-5405 -5346 -5409 -5419 -5433 -5450 -5461 -5462 -5452 -5446 -5428 -5406 -5381 -5324 -5268 -5206 -5119 -4845 -4205 -3906 -3528 -3124 -3027 -3419 -3327 -3323 -3272 -3185 -3163 -3088 -2906 -2922 -3094 -3158 -3134 -2956 -2758 -2603 -2505 -2268 -1994 -1251 -436 -84 -109 -1 169 443 396 542 764 956 869 822 677 666 726 1075 1119 1145 1235 1391 1545 1553 1408 1626 1463 1042 920 847 812 830 829 800 821 850 903 902 949 968 965 965 945 900 948 1029
-5175 -4991 -5400 -5416 -5437 -5454 -5461 -5464 -5457 -5445 -5425 -5406 -5396 -5331 -5269 -5212 -5128 -4805 -3997 -3947 -3732 -3220 -3257 -3876 -4003 -3867 -3210 -3177 -3024 -2909 -2694 -3073 -3310 -3172 -3145 -3058 -2852 -2622 -2491 -2304 -1985 -981 -307 -103 -76 90 182 314 305 502 679 808 901 1022 844 686 561 738 1083 1059 1193 1404 1522 1456 1412 1364 1220 1048 901 831 797 804 798 803 833 849 856 848 889 921 922 901 894 868 878 939
-4633 -4594 -5288 -5411 -5438 -5456 -5464 -5464 -5458 -5446 -5427 -5404 -5388 -5327 -5279 -5229 -5155 -4902 -4487 -4291 -4033 -3681 -3791 -3984 -4060 -3886 -3219 -3146 -2764 -2716 -2982 -3415 -3525 -3319 -3268 -3132 -2893 -2674 -2555 -2221 -1932 -1203 -667 -101 -60 29 178 270 290 434 936 1042 1026 1043 875 716 505 718 898 943 1034 1204 1210 1079 1026 983 1063 932 852 794 779 775 767 798 808 823 810 819 852 864 864 857 837 821 851 881
-4854 -4984 -5255 -5417 -5451 -5463 -5466 -5465 -5457 -5434 -5415 -5400 -5373 -5320 -5291 -5269 -5174 -5030 -4923 -4699 -4526 -4360 -4074 -4234 -4150 -3945 -3478 -3308 -2918 -2937 -3483 -3820 -3607 -3516 -3315 -3117 -2969 -2756 -2672 -2329 -1970 -1092 -395 -74 -72 19 149 174 182 415 744 799 882 972 878 718 568 779 666 748 874 1013 1079 947 958 911 893 815 784 764 768 757 756 766 778 783 785 804 828 846 831 815 808 808 822 884
-4939 -5231 -5378 -5431 -5458 -5463 -5462 -5454 -5448 -5426 -5410 -5392 -5367 -5329 -5304 -5285 -5181 -5138 -5059 -4929 -4767 -4730 -4412 -4381 -4222 -4137 -3855 -3750 -3430 -3055 -3714 -3987 -3739 -3591 -3471 -3120 -3002 -2943 -2912 -2602 -1995 -969 -210 -97 -61 25 109 218 243 326 565 815 805 791 757 597 679 786 633 668 827 873 818 794 829 873 845 820 773 757 768 750 751 765 762 763 796 792 798 815 805 794 801 811 852 897
-4816 -5376 -5404 -5432 -5455 -5454 -5446 -5445 -5433 -5414 -5399 -5389 -5369 -5340 -5308 -5296 -5242 -5190 -5112 -4986 -4933 -4834 -4599 -4448 -4407 -4200 -4140 -4064 -3791 -3776 -3974 -4058 -3878 -3761 -3615 -3381 -3005 -2985 -2413 -2045 -1937 -974 -354 -79 -85 9 155 204 243 353 592 600 571 522 516 689 649 535 475 632 791 726 698 718 765 909 955 905 789 752 715 722 732 730 747 776 774 766 766 785 792 819 823 843 887 854
-4058 -5261 -5399 -5427 -5449 -5448 -5444 -5430 -5400 -5393 -5397 -5391 -5363 -5326 -5305 -5303 -5288 -5205 -5166 -5050 -5002 -4935 -4741 -4646 -4626 -4373 -4344 -4360 -4199 -4224 -4307 -4181 -3985 -3852 -3684 -3568 -3385 -2552 -2025 -1740 -1060 -228 -118 -92 -94 20 112 168 269 493 527 339 665 825 812 800 435 354 353 566 804 763 704 733 826 826 797 872 792 732 723 705 698 696 752 777 755 760 763 775 793 803 800 844 848 875
-4652 -5397 -5398 -5390 -5419 -5429 -5417 -5399 -5381 -5376 -5386 -5377 -5359 -5325 -5305 -5307 -5290 -5247 -5175 -5090 -5043 -4953 -4846 -4820 -4802 -4625 -4561 -4454 -4382 -4382 -4331 -4163 -3614 -3429 -3551 -3485 -3235 -2437 -2013 -1261 -330 -217 -118 -80 -44 57 207 315 283 455 418 515 966 869 786 610 522 307 414 659 654 731 635 675 742 801 766 779 772 723 704 698 715 723 745 770 790 816 789 816 793 795 794 861 878 887
-5263 -5373 -5373 -5333 -5336 -5391 -5400 -5385 -5360 -5362 -5364 -5361 -5342 -5310 -5297 -5302 -5281 -5245 -5178 -5116 -5097 -5038 -4962 -4934 -4915 -4754 -4617 -4451 -4407 -4336 -4054 -3874 -3112 -3145 -3241 -3048 -2843 -2299 -1825 -1158 -315 -111 -113 -90 -49 65 220 242 278 371 402 754 581 704 645 459 362 355 579 723 546 574 561 644 741 761 775 762 723 700 693 700 724 761 774 834 827 839 835 794 796 818 858 902 906 909
-5378 -5357 -5337 -5223 -5279 -5383 -5401 -5354 -5320 -5343 -5342 -5337 -5314 -5298 -5286 -5287 -5252 -5220 -5188 -5147 -5116 -5073 -5030 -4999 -4930 -4796 -4681 -4522 -4337 -4088 -3865 -3518 -3052 -3072 -3059 -3140 -2855 -2267 -1356 -998 -264 -111 -66 -66 -40 48 164 209 267 486 582 562 428 495 508 538 464 426 404 520 510 576 628 646 688 720 746 749 716 697 686 717 742 765 792 807 809 814 780 769 801 828 874 893 902 903
-5389 -5385 -5346 -5255 -5324 -5389 -5351 -5315 -5204 -5306 -5308 -5312 -5297 -5278 -5272 -5264 -5236 -5208 -5182 -5156 -5127 -5097 -5058 -5005 -4924 -4859 -4737 -4518 -4211 -3920 -3592 -3257 -3007 -3146 -3045 -3061 -2807 -2213 -1657 -795 -158 -121 -61 -46 -29 83 212 284 469 516 654 513 452 444 408 500 607 358 436 471 577 706 686 634 666 747 770 745 705 690 694 717 719 737 748 779 776 764 750 781 801 826 868 893 861 837
-5001 -5299 -5381 -5367 -5221 -5219 -5117 -4916 -5119 -5193 -5227 -5265 -5266 -5245 -5254 -5240 -5212 -5198 -5177 -5163 -5131 -5097 -5059 -5008 -4956 -4827 -4698 -4493 -4207 -3804 -3393 -3099 -3019 -3073 -3019 -2971 -2717 -2071 -1675 -534 -129 -116 -58 -40 4 212 465 574 577 734 899 766 606 602 611 532 490 417 519 501 615 663 662 702 731 775 798 805 735 724 740 742 716 706 704 721 738 718 724 771 808 812 829 867 820 834
-4807 -5137 -5380 -5235 -4758 -4646 -4408 -4312 -4776 -4970 -5132 -5234 -5227 -5206 -5208 -5208 -5201 -5196 -5177 -5145 -5118 -5090 -5059 -5006 -4941 -4841 -4719 -4408 -4043 -3786 -3445 -3173 -3018 -2970 -2848 -2640 -2163 -1839 -1351 -414 -118 -80 -54 -37 45 339 507 573 530 622 715 813 784 685 779 636 378 387 437 449 622 698 718 746 747 755 807 878 824 822 802 756 732 725 727 748 756 715 739 808 833 848 839 849 878 882
-4598 -4998 -5055 -4747 -4438 -4018 -3347 -4017 -4402 -4668 -5061 -5181 -5174 -5169 -5192 -5206 -5199 -5190 -5159 -5122 -5104 -5070 -5017 -4999 -4950 -4868 -4690 -4337 -4091 -3839 -3423 -3175 -3071 -2931 -2396 -1806 -1388 -1500 -830 -215 -103 -61 -46 6 34 135 366 529 417 456 580 717 792 745 800 592 401 483 521 447 603 700 737 779 792 769 799 823 872 858 854 812 786 751 743 740 738 738 773 781 802 875 894 877 1004 1056
-4038 -4045 -4060 -4048 -4043 -3797 -3807 -3832 -4058 -4102 -4862 -5230 -5223 -5184 -5184 -5194 -5196 -5194 -5144 -5104 -5084 -5039 -5004 -4993 -4882 -4859 -4726 -4492 -4172 -3677 -3351 -3213 -2984 -1963 -1083 -826 -407 -461 -210 -49 -49 -51 -17 29 16 207 502 507 423 503 523 678 690 741 708 545 471 579 614 581 672 711 758 793 831 818 806 806 819 840 840 816 782 757 758 742 748 763 764 776 804 831 866 886 993 1113
-3784 -4011 -4041 -4302 -4147 -4024 -4101 -3853 -3916 -3831 -4227 -4953 -4970 -4979 -4964 -5015 -5190 -5181 -5131 -5088 -5076 -5034 -4924 -4863 -4838 -4798 -4734 -4540 -4210 -3818 -3434 -3141 -2312 -1447 -917 -436 -311 -289 -147 -53 -44 -37 -13 47 70 252 536 641 425 402 433 517 553 591 576 561 547 627 686 585 705 746 746 773 817 842 812 808 811 829 848 826 797 788 790 790 779 788 808 807 822 844 883 920 948 1011
-3308 -4010 -4176 -4681 -4771 -4922 -4974 -4064 -3909 -3647 -3794 -3897 -3948 -4431 -4600 -4706 -5166 -5116 -5079 -5073 -5062 -5013 -4853 -4808 -4806 -4759 -4608 -4481 -4307 -4050 -3262 -2545 -1815 -958 -645 -319 -315 -329 -145 -69 -43 -34 21 81 102 232 281 302 299 376 409 485 528 579 621 672 675 680 720 671 729 764 759 765 797 823 836 828 830 814 818 836 827 830 797 841 804 821 841 859 856 883 919 958 1011 1010
-3508 -3951 -4220 -4802 -5201 -5232 -5057 -4309 -3882 -3603 -3504 -3775 -3875 -4094 -4453 -4878 -5059 -5055 -5042 -5049 -5024 -4988 -4857 -4814 -4801 -4700 -4514 -4406 -4261 -4053 -3261 -2196 -1113 -790 -460 -288 -246 -201 -101 -67 -38 -9 75 82 124 205 215 232 278 403 472 582 771 852 832 784 743 753 728 692 696 781 792 796 821 870 903 887 894 865 837 848 877 898 892 878 857 867 895 910 900 921 990 1073 1214 1129
-3324 -3859 -4194 -4812 -5115 -5010 -4670 -4232 -3772 -3636 -3667 -3940 -3998 -4325 -4573 -4675 -4931 -4946 -4975 -5023 -5009 -4950 -4871 -4815 -4784 -4626 -4233 -4166 -4082 -4005 -3250 -2178 -1157 -957 -481 -249 -206 -146 -103 -63 -31 33 40 72 149 193 188 247 356 515 666 1082 894 694 747 802 774 805 748 687 689 780 837 863 927 956 948 968 913 877 861 879 944 981 982 879 877 913 957 936 916 978 1071 1404 1421 1336
-3262 -3702 -3977 -4396 -4590 -4408 -4244 -3952 -3792 -3764 -3860 -3970 -4051 -4317 -4301 -4583 -4774 -4841 -4876 -4920 -4895 -4850 -4826 -4787 -4530 -4386 -4125 -3963 -3784 -3507 -3081 -2383 -1497 -784 -356 -219 -231 -138 -82 -51 -26 45 121 149 166 228 294 416 636 758 824 1171 588 522 693 791 812 850 751 761 758 815 982 1029 1000 930 960 961 898 925 941 969 1056 1097 1139 953 932 997 1048 991 964 1052 1458 1500 1378 1242
-3194 -3396 -3705 -4004 -4111 -3958 -3975 -3853 -3810 -3833 -3978 -4001 -4028 -4359 -4490 -4331 -4646 -4799 -4814 -4824 -4801 -4787 -4648 -4481 -4118 -4243 -4135 -3732 -3220 -3070 -2978 -2553 -1566 -854 -267 -228 -225 -103 -61 -38 47 78 201 323 346 551 551 616 823 644 615 662 497 540 678 809 897 879 810 819 869 951 980 989 799 821 938 961 946 1024 1106 1157 1264 1267 1239 1148 1070 1154 1245 1137 1123 1404 1753 1560 1418 1062
-3062 -3094 -3397 -3825 -3845 -3845 -3848 -3807 -3822 -3862 -4163 -4467 -4343 -4542 -4674 -4624 -4693 -4769 -4803 -4789 -4468 -4359 -4327 -4080 -3985 -4025 -3980 -3625 -3034 -2959 -2403 -2084 -1155 -755 -268 -287 -173 -86 -56 49 125 129 269 330 472 570 580 566 533 547 569 574 502 469 580 681 632 914 885 917 800 792 804 649 693 805 865 1044 1043 1061 1149 1240 1352 1287 1247 1150 1193 1275 1324 1309 1305 1224 1211 1092 1039 886
-2774 -2542 -3171 -3584 -3828 -3840 -3825 -3864 -4023 -4268 -4552 -4574 -4563 -4693 -4667 -4605 -4760 -4802 -4777 -4624 -4213 -4023 -4004 -3641 -3074 -3411 -3072 -3130 -3132 -2866 -2577 -2066 -1084 -296 -373 -288 -156 -83 -25 77 161 238 239 319 329 362 507 592 608 554 533 434 374 396 449 421 433 805 641 524 498 575 571 556 659 800 1036 1348 1099 1163 1262 1510 1578 1588 1318 1345 1231 1111 1217 1372 1244 959 1002 794 958 770
