REKUR/basedata/Elev-Europe.asc
ncols 	590                                                                                                                                                                                                                                                                                                                                                                                                                                                                                                                                                                                                            
nrows 	258                                                                                                                                                                                                                                                                                                                                                                                                                                                                                                                                                                                                            
xllcorner 	-2868800                                                                                                                                                                                                                                                                                                                                                                                                                                                                                                                                                                                                            
yllcorner 	200792                                                                                                                                                                                                                                                                                                                                                                                                                                                                                                                                                                                                            
cellsize 	10000                                                                                                                                                                                                                                                                                                                                                                                                                                                                                                                                                                                                            
NODATA_value 	-9999                                                                                                                                                                                                                                                                                                                                                                                                                                                                                                                                                                                                            
[rows 190 to 227 of 258, columns 172 to 257 of 590]
1563 1581 1399 1073 665 497 403 259 178 36 43 -61 -47 -315 -762 -937 -386 -342 -254 -180 -432 -646 -353 -662 -810 -887 -1052 -1423 -1904 -2153 -2344 -2601 -2643 -2681 -2690 -2647 -2632 -2645 -2642 -2598 -2634 -2629 -2627 -2610 -2596 -2620 -2652 -2664 -2670 -2683 -2699 -2708 -2718 -2721 -2717 -2713 -2711 -2711 -2711 -2712 -2713 -2713 -2713 -2708 -2707 -2707 -2706 -2707 -2709 -2706 -2708 -2726 -2745 -2750 -2737 -2737 -2743 -2751 -2747 -2736 -2729 -2730 -2732 -2733 -2733 -2734
1109 1095 945 799 780 686 477 107 -35 -147 -72 -146 -578 -864 -1436 -1731 -1401 -1382 -1142 -1159 -1473 -1650 -870 -1606 -1700 -1861 -1684 -1767 -2142 -2424 -2561 -2628 -2634 -2652 -2665 -2664 -2685 -2700 -2692 -2655 -2664 -2651 -2640 -2626 -2627 -2645 -2678 -2692 -2696 -2697 -2703 -2707 -2713 -2716 -2713 -2710 -2708 -2708 -2710 -2712 -2712 -2713 -2715 -2714 -2715 -2716 -2716 -2714 -2710 -2704 -2704 -2708 -2715 -2718 -2715 -2723 -2731 -2734 -2727 -2712 -2707 -2709 -2710 -2711 -2711 -2713
840 555 537 679 632 522 292 -20 -104 -51 -442 -816 -1257 -1403 -1909 -1953 -2007 -1974 -1896 -1992 -2155 -2012 -1986 -2314 -2454 -2489 -2341 -2344 -2491 -2567 -2599 -2635 -2643 -2652 -2657 -2668 -2680 -2682 -2681 -2670 -2659 -2655 -2658 -2656 -2658 -2691 -2714 -2717 -2712 -2707 -2701 -2702 -2706 -2707 -2704 -2702 -2702 -2702 -2702 -2703 -2703 -2703 -2709 -2711 -2712 -2714 -2714 -2713 -2708 -2703 -2703 -2704 -2705 -2708 -2710 -2715 -2721 -2719 -2710 -2703 -2697 -2695 -2692 -2692 -2693 -2696
81 46 51 545 515 367 335 -166 -388 -424 -942 -1282 -1484 -1898 -2005 -2087 -2080 -2134 -2193 -2334 -2455 -2441 -2538 -2612 -2603 -2581 -2550 -2564 -2546 -2569 -2618 -2649 -2663 -2666 -2670 -2666 -2660 -2660 -2660 -2655 -2652 -2662 -2668 -2674 -2699 -2725 -2733 -2730 -2721 -2712 -2701 -2700 -2701 -2700 -2694 -2692 -2693 -2686 -2681 -2679 -2678 -2678 -2695 -2702 -2702 -2702 -2702 -2701 -2698 -2698 -2700 -2706 -2714 -2719 -2720 -2712 -2714 -2715 -2712 -2707 -2701 -2693 -2685 -2687 -2690 -2693
22 12 4 9 10 13 -10 -233 -515 -688 -1212 -1485 -1868 -2052 -2343 -2339 -2460 -2467 -2474 -2587 -2607 -2587 -2588 -2559 -2482 -2612 -2621 -2598 -2604 -2631 -2676 -2688 -2699 -2708 -2699 -2674 -2670 -2664 -2658 -2659 -2670 -2674 -2678 -2687 -2709 -2728 -2731 -2724 -2715 -2708 -2696 -2687 -2697 -2686 -2674 -2667 -2667 -2665 -2657 -2654 -2655 -2657 -2670 -2681 -2684 -2681 -2678 -2679 -2679 -2675 -2675 -2676 -2679 -2681 -2688 -2725 -2728 -2727 -2721 -2712 -2697 -2656 -2652 -2653 -2655 -2658
1 -15 -30 -8 5 -9 -75 -243 -355 -724 -1221 -1478 -1886 -2217 -2441 -2486 -2530 -2600 -2608 -2626 -2657 -2608 -2652 -2626 -2638 -2697 -2730 -2679 -2673 -2699 -2708 -2715 -2710 -2702 -2720 -2716 -2708 -2698 -2677 -2669 -2668 -2663 -2664 -2681 -2697 -2706 -2702 -2688 -2674 -2674 -2679 -2677 -2667 -2662 -2655 -2654 -2663 -2660 -2637 -2624 -2624 -2644 -2655 -2660 -2662 -2657 -2654 -2655 -2658 -2660 -2660 -2659 -2659 -2660 -2666 -2681 -2682 -2680 -2678 -2673 -2659 -2666 -2682 -2684 -2683 -2677
-24 -117 -196 -99 -8 -162 -279 -421 -567 -723 -1082 -1489 -1977 -2290 -2480 -2516 -2571 -2593 -2614 -2633 -2654 -2667 -2668 -2703 -2716 -2702 -2684 -2690 -2700 -2699 -2694 -2692 -2679 -2668 -2692 -2717 -2709 -2701 -2674 -2657 -2654 -2649 -2658 -2659 -2664 -2669 -2665 -2655 -2667 -2686 -2701 -2689 -2667 -2651 -2645 -2649 -2665 -2662 -2640 -2620 -2603 -2628 -2648 -2647 -2651 -2657 -2665 -2671 -2671 -2665 -2657 -2650 -2650 -2651 -2660 -2663 -2668 -2669 -2669 -2670 -2676 -2707 -2734 -2738 -2728 -2701
-200 -299 -341 -236 -99 -368 -637 -857 -836 -925 -1465 -1909 -2188 -2396 -2488 -2558 -2592 -2614 -2629 -2645 -2656 -2662 -2677 -2711 -2713 -2696 -2674 -2659 -2663 -2657 -2650 -2644 -2642 -2661 -2673 -2679 -2678 -2679 -2690 -2692 -2685 -2672 -2671 -2676 -2687 -2690 -2668 -2647 -2675 -2721 -2744 -2704 -2665 -2643 -2636 -2650 -2639 -2640 -2630 -2611 -2575 -2626 -2654 -2623 -2624 -2657 -2702 -2707 -2699 -2682 -2664 -2655 -2654 -2655 -2657 -2670 -2692 -2697 -2695 -2694 -2716 -2747 -2778 -2791 -2768 -2720
-682 -717 -594 -293 -247 -542 -976 -1055 -1202 -1397 -1813 -2082 -2279 -2467 -2501 -2589 -2620 -2641 -2660 -2672 -2669 -2675 -2687 -2700 -2688 -2674 -2674 -2659 -2652 -2643 -2631 -2619 -2630 -2676 -2678 -2670 -2676 -2701 -2737 -2743 -2719 -2693 -2689 -2704 -2721 -2735 -2681 -2633 -2635 -2690 -2736 -2709 -2649 -2615 -2599 -2615 -2591 -2584 -2573 -2533 -2501 -2593 -2603 -2612 -2653 -2657 -2651 -2652 -2643 -2652 -2637 -2618 -2619 -2648 -2659 -2686 -2718 -2732 -2734 -2736 -2674 -2665 -2693 -2807 -2756 -2646
-1027 -1047 -717 -447 -560 -887 -1125 -1274 -1430 -1660 -1947 -2147 -2369 -2502 -2563 -2614 -2631 -2652 -2673 -2691 -2694 -2690 -2674 -2670 -2664 -2659 -2674 -2670 -2654 -2621 -2592 -2597 -2608 -2665 -2720 -2703 -2707 -2741 -2773 -2761 -2727 -2647 -2710 -2686 -2651 -2651 -2619 -2426 -2404 -2426 -2539 -2722 -2618 -2501 -2435 -2441 -2447 -2412 -2275 -2142 -2263 -2420 -2425 -2558 -2611 -2486 -2428 -2430 -2440 -2536 -2537 -2500 -2510 -2615 -2621 -2636 -2644 -2644 -2636 -2640 -2597 -2587 -2594 -2666 -2634 -2411
-1370 -1377 -943 -817 -934 -1175 -1404 -1481 -1507 -1646 -1921 -2186 -2412 -2533 -2592 -2613 -2628 -2650 -2667 -2676 -2683 -2661 -2648 -2633 -2627 -2625 -2649 -2668 -2627 -2549 -2483 -2453 -2463 -2580 -2767 -2745 -2674 -2729 -2805 -2627 -2614 -2584 -2619 -2604 -2344 -2153 -2136 -1430 -1380 -1408 -1835 -2604 -2384 -2188 -2219 -2098 -2074 -2052 -1848 -1232 -1522 -2062 -2070 -2113 -2121 -2074 -2064 -2069 -2079 -2122 -2263 -2310 -2308 -2514 -2523 -2473 -2426 -2414 -2384 -2261 -2146 -2128 -1567 -1628 -1653 -1615
-1580 -1570 -1452 -1401 -1419 -1457 -1617 -1621 -1643 -1945 -2038 -2308 -2475 -2544 -2581 -2602 -2622 -2649 -2660 -2658 -2652 -2644 -2623 -2583 -2582 -2567 -2550 -2611 -2543 -2428 -2308 -2286 -2281 -2211 -2609 -2602 -2549 -2580 -2607 -2416 -2075 -2137 -2342 -2161 -2014 -1632 -1212 -849 -628 -739 -1373 -1584 -1481 -1539 -1875 -1134 -1145 -970 -644 -343 -566 -992 -931 -1114 -904 -952 -952 -957 -1051 -1612 -2010 -2025 -2234 -2319 -2338 -2291 -2096 -1993 -2012 -1685 -1306 -895 -417 -344 -601 -811
-1529 -1540 -1564 -1585 -1513 -1598 -1600 -1710 -1861 -2040 -2213 -2381 -2478 -2545 -2580 -2603 -2618 -2653 -2650 -2651 -2649 -2638 -2640 -2576 -2505 -2364 -2359 -2424 -2380 -2316 -2168 -1964 -1853 -1441 -1994 -1990 -1989 -1989 -1980 -1964 -1951 -1988 -1977 -1545 -862 -812 -707 -396 -235 -247 -350 -359 -250 -479 -536 -365 -383 -204 34 158 -176 -196 -168 -323 -167 -210 -177 -176 -350 -632 -942 -1408 -2070 -2249 -2114 -1975 -1715 -1061 -744 -568 -571 -277 443 94 -68 -135
-1529 -1569 -1554 -1554 -1684 -1773 -1579 -1637 -1910 -2068 -2219 -2335 -2447 -2545 -2583 -2644 -2671 -2703 -2709 -2669 -2646 -2628 -2686 -2571 -2400 -2178 -2118 -2208 -2007 -1874 -1838 -1226 -564 -1061 -696 -548 -605 -566 -555 -537 -558 -911 -663 -461 -274 -151 -174 -109 -8 -5 1 80 16 54 150 289 151 171 330 237 498 457 345 517 636 663 456 455 236 -147 -252 -512 -1724 -1852 -1703 -885 -504 -266 -194 -52 -3 361 377 244 325 227
-1413 -1503 -1561 -1591 -1705 -1944 -1980 -1987 -2000 -2043 -2131 -2226 -2329 -2520 -2614 -2660 -2692 -2715 -2754 -2758 -2750 -2818 -2722 -2533 -1901 -1583 -1734 -1691 -1291 -756 -620 -238 -89 -382 -60 9 14 12 14 18 -1 -120 103 127 102 70 44 39 84 148 20 92 204 298 396 356 337 378 343 366 261 258 296 700 994 994 567 397 231 194 -69 -278 -855 -883 -580 -247 10 79 187 265 210 256 399 265 282 205
-1041 -1319 -1461 -1507 -1709 -1956 -1827 -1986 -2009 -2028 -2056 -2122 -2179 -2479 -2543 -2549 -2545 -2540 -2530 -2683 -2797 -2651 -2337 -1844 -1003 -498 -653 -507 -279 -136 -35 14 10 11 9 12 13 13 12 14 79 657 742 704 500 329 282 395 500 677 258 395 557 613 573 442 390 516 502 576 514 587 620 750 1108 676 405 462 552 663 570 -48 -374 -314 238 593 458 502 618 583 402 416 461 302 265 190
-725 -930 -1023 -1175 -1489 -1932 -1527 -1875 -1988 -2027 -2031 -2055 -2012 -2287 -2371 -2380 -2369 -2307 -2166 -2249 -2098 -1656 -1093 -619 -343 -245 -151 -7 6 11 11 12 8 8 7 8 9 8 7 8 62 537 635 752 591 472 500 761 750 883 820 768 685 653 629 639 628 562 705 917 919 967 1068 982 677 362 580 728 787 924 926 465 538 432 898 921 724 717 806 680 392 594 624 491 450 387
-500 -540 -582 -780 -1228 -1526 -1233 -1501 -1548 -1546 -1545 -1547 -1778 -1984 -2100 -2104 -2046 -1669 -1472 -1685 -1042 -619 -441 -171 -65 49 -60 8 8 9 7 6 5 5 5 7 7 8 9 9 48 352 368 418 435 505 564 745 821 908 924 798 643 558 592 728 720 656 645 763 885 831 756 588 393 499 627 860 809 861 876 801 1022 911 879 835 725 622 528 481 420 419 513 601 708 722
-293 -389 -534 -758 -1017 -1035 -904 -1041 -730 -700 -719 -646 -1434 -1539 -1444 -943 -854 -721 -508 -580 -241 -142 -116 -25 147 224 104 30 29 40 86 146 4 7 8 12 12 12 15 16 57 442 397 391 500 543 555 690 853 932 773 689 678 643 686 820 785 768 702 549 532 522 441 608 904 826 735 850 897 984 944 949 999 893 802 786 747 616 550 597 764 551 572 630 855 892
-217 -355 -513 -656 -764 -760 -673 -608 -296 -303 -286 -267 -563 -579 -272 -127 -100 -69 -16 -91 -67 -30 -25 50 142 266 182 54 70 134 195 259 400 348 334 420 567 645 700 742 70 576 631 675 820 756 627 687 832 946 890 814 820 848 980 1108 982 931 843 721 833 775 592 651 908 962 863 881 948 942 1058 1184 1174 1147 895 985 881 878 900 876 843 805 686 677 750 889
-233 -396 -496 -509 -528 -515 -475 -385 -275 -252 -208 -135 -81 256 249 120 77 111 118 93 49 43 40 43 120 183 85 61 113 236 332 417 281 443 572 681 781 846 816 967 750 972 933 1112 1098 1127 1066 822 813 898 956 901 933 1029 997 1070 1050 988 1007 877 986 832 636 797 941 1059 1002 943 970 946 1016 1074 1125 1159 990 1022 1027 972 869 839 812 815 800 761 726 822
-247 -326 -429 -429 -388 -363 -331 -261 -232 -188 -142 -46 84 65 75 70 106 161 178 105 37 36 164 139 348 185 125 134 247 401 411 486 333 551 694 730 738 900 824 868 1237 1149 1185 1258 1078 996 861 724 819 912 945 1030 1103 973 839 794 786 863 1044 1059 1188 1014 888 1216 1004 900 920 1005 1028 986 948 958 989 1011 965 945 916 863 828 833 787 818 891 861 886 916
-190 -258 -287 -302 -272 -231 -244 -189 -166 -119 -31 4 82 103 132 181 312 416 317 181 152 236 382 495 628 391 250 211 316 517 609 692 421 586 769 803 770 889 883 881 1091 974 996 974 895 825 729 674 879 930 981 1005 953 844 826 716 722 684 824 812 859 894 919 964 844 920 1061 1144 1206 1053 936 898 1003 985 942 933 941 931 928 905 921 911 831 883 1045 926
-54 -157 -177 -181 -172 -140 -160 -133 -54 1 9 7 153 254 328 399 514 470 400 358 393 363 546 631 598 600 406 294 389 556 636 709 574 559 664 773 823 853 880 921 862 824 819 826 795 759 687 641 697 754 778 789 762 714 678 647 621 599 642 625 633 711 723 733 736 1140 1307 1317 1296 1191 1007 973 991 942 935 928 923 949 943 915 925 960 830 832 915 973
38 -37 -68 -69 -59 -1 -64 -34 1 10 13 12 275 469 555 467 463 475 449 473 480 498 518 511 492 526 466 414 403 474 576 716 664 724 833 855 870 891 895 868 833 817 794 766 728 681 656 642 652 681 702 730 716 687 667 655 623 556 549 532 516 513 531 530 576 716 777 940 1022 1149 1104 1116 1073 971 1077 1084 947 921 872 844 837 849 834 866 885 961
159 160 216 240 318 330 9 6 8 10 13 14 430 577 525 512 556 566 551 528 432 491 509 558 601 658 612 585 637 632 737 675 820 937 954 929 928 928 899 844 837 826 809 769 718 690 688 649 646 666 692 723 722 715 710 712 651 580 558 511 484 460 459 454 456 480 525 589 691 931 1153 1207 1153 1026 1149 1087 969 1052 1042 893 841 914 895 880 861 871
572 521 476 482 507 424 197 207 274 352 457 427 577 604 593 635 667 645 564 469 439 545 536 637 783 830 635 614 777 719 941 727 893 986 1002 999 985 956 910 873 832 813 792 749 732 748 754 675 672 691 695 718 754 788 798 769 685 622 595 551 487 439 421 411 410 417 432 474 549 726 878 921 966 886 976 1045 1114 1260 1229 1029 1000 1147 997 887 900 898
871 641 501 463 451 356 429 513 723 821 844 715 684 707 707 768 716 722 609 562 555 776 699 738 809 846 704 656 780 780 1015 908 983 1007 1058 1078 1052 1072 1058 881 831 808 790 784 757 744 777 739 728 717 721 751 801 890 941 815 767 677 663 618 485 410 399 386 379 385 387 411 463 543 609 723 715 809 1108 1393 1534 1443 1233 1145 1151 1115 1016 975 899 877
675 670 586 533 591 465 707 1006 1219 1200 1087 919 886 861 812 852 818 784 669 615 685 908 816 905 841 898 832 771 820 868 990 1056 1106 1092 1159 1200 1235 1284 1122 953 853 850 908 829 758 751 785 784 767 766 780 837 931 949 834 787 803 825 825 788 522 410 400 391 383 388 392 380 409 448 492 553 650 907 1179 1270 1241 1279 1397 1405 1317 1157 1095 1091 1032 886
682 659 671 751 910 727 819 933 1184 1238 1246 1188 1069 935 883 919 940 807 753 742 794 916 891 1077 978 1040 1030 925 931 1057 1077 1204 1193 1154 1217 1304 1321 1317 1239 1005 916 940 874 794 775 790 813 841 844 874 952 938 852 789 785 793 817 913 885 666 488 455 453 489 524 452 435 429 440 418 439 553 617 711 859 956 971 1258 1647 1835 1693 1641 1495 1468 1149 1125
882 842 920 1101 1354 1198 1136 1064 1063 1170 1184 1123 1078 1056 1177 1180 1095 914 912 981 1075 1015 1100 1120 1092 1122 1115 998 940 987 1068 1171 1152 1140 1177 1206 1219 1221 1227 1144 934 898 844 809 811 863 915 926 926 949 910 869 822 862 947 955 989 856 801 688 617 594 610 629 562 509 517 508 461 415 438 585 759 952 851 861 1016 1298 1485 1581 1503 1499 1511 1325 1329 1429
1052 997 1059 1114 1201 1384 1261 1150 1119 1120 1169 1167 1174 1259 1235 1138 1074 1000 1052 1079 1119 1131 1167 1143 1161 1202 1135 1037 1027 1057 1065 1100 1094 1091 1099 1114 1120 1117 1178 1162 986 890 847 853 884 873 893 880 860 862 878 888 978 1119 1084 1098 1010 941 954 962 928 876 857 763 620 590 666 610 481 436 494 563 552 568 613 918 1175 1305 1405 1277 1438 1482 1384 1329 1240 1307
1159 1114 1139 1142 1127 1315 1270 1161 1128 1136 1160 1137 1130 1184 1164 1156 1159 1146 1199 1170 1128 1159 1188 1199 1199 1139 1092 1080 1069 1046 1064 1062 1054 1055 1058 1052 1060 1063 1071 1001 940 895 860 870 893 867 827 831 851 867 906 1039 1134 1116 1100 1123 1057 1064 1091 1177 1169 1091 1003 787 620 673 699 627 529 457 459 425 380 389 504 683 961 1059 1057 1185 1474 1180 1318 1304 1068 1012
1005 1066 1094 1098 1090 1148 1171 1164 1184 1206 1206 1186 1173 1190 1183 1182 1188 1188 1157 1129 1095 1138 1137 1151 1136 1093 1072 1050 1024 1007 1037 1023 1033 1032 1031 1033 1034 1036 1000 974 940 902 881 895 908 904 855 867 916 963 1052 1165 1155 1138 1151 1138 1085 1144 1094 1069 1028 934 871 724 696 689 662 601 524 393 294 235 241 270 311 428 630 753 1036 1201 1140 1020 1062 1126 993 1077
950 1022 1048 1099 1103 1152 1212 1209 1260 1262 1245 1227 1199 1187 1169 1134 1117 1132 1108 1093 1057 1071 1068 1092 1083 1064 1050 1021 995 991 997 1018 1025 1024 1028 1034 1049 1043 1000 994 955 926 939 950 964 989 940 986 1030 1068 1129 1163 1161 1160 1201 1184 1162 1111 1052 965 910 877 840 812 752 571 474 509 495 320 276 198 196 210 187 251 384 541 660 626 526 634 740 771 1049 1312
957 1027 1068 1134 1198 1239 1234 1237 1249 1236 1227 1214 1179 1160 1115 1086 1077 1082 1071 1060 1030 1032 1039 1059 1047 1029 1009 995 987 988 1002 1026 1028 1032 1044 1060 1085 1068 1028 1026 1047 992 1008 1017 1055 1155 1110 1109 1167 1225 1187 1191 1207 1214 1247 1137 1099 1106 1035 941 904 809 732 735 633 480 371 359 385 333 290 216 214 155 99 115 148 163 170 186 174 209 317 546 754 885
965 1012 1061 1106 1168 1191 1194 1198 1194 1183 1188 1185 1134 1116 1078 1062 1065 1054 1042 1027 1025 1016 997 1028 1007 999 996 1004 1007 1024 1012 1040 1048 1056 1081 1106 1123 1111 1106 1132 1082 1055 1090 1076 1105 1238 1308 1305 1299 1260 1237 1265 1215 1138 1144 1103 1055 1039 1033 1040 919 729 606 569 559 407 319 282 223 201 169 146 124 83 43 35 32 27 28 43 65 67 143 228 287 352
1005 1037 1072 1102 1135 1145 1142 1149 1146 1152 1163 1132 1101 1084 1065 1036 1040 1009 980 989 1003 997 998 989 987 987 1007 1039 1046 1046 1045 1058 1066 1079 1122 1155 1173 1148 1129 1090 1165 1150 1130 1125 1142 1168 1285 1366 1325 1263 1193 1156 1050 992 1119 1112 1166 1147 1040 870 705 582 509 475 389 324 278 234 177 150 124 106 92 75 35 23 13 -2 -11 -1 23 31 78 97 118 150
