REKUR/basedata/North-Europe.asc
ncols         590
nrows         258
xllcorner     -2864291
yllcorner     200792
cellsize      10000
NODATA_value  -9999
[rows 196 to 223 of 258, columns 0 to 62 of 590]
32.06942 32.10666 32.14378 32.18079 32.21768 32.25446 32.29111 32.32766 32.36408 32.40039 32.43658 32.47266 32.50862 32.54446 32.58018 32.61579 32.65128 32.68666 32.72191 32.75705 32.79207 32.82697 32.86175 32.89642 32.93097 32.96539 32.9997 33.03389 33.06797 33.10192 33.13575 33.16947 33.20306 33.23654 33.2699 33.30313 33.33625 33.36925 33.40213 33.43488 33.46752 33.50003 33.53243 33.5647 33.59686 33.62889 33.6608 33.6926 33.72427 33.75581 33.78724 33.81855 33.84973 33.88079 33.91173 33.94254 33.97324 34.00381 34.03426 34.06459 34.09479 34.12487 34.15483
31.98372 32.02092 32.05801 32.09498 32.13184 32.16858 32.2052 32.24171 32.2781 32.31438 32.35054 32.38658 32.4225 32.45831 32.494 32.52958 32.56503 32.60037 32.63559 32.6707 32.70568 32.74055 32.7753 32.80994 32.84445 32.87885 32.91312 32.94728 32.98132 33.01524 33.04904 33.08273 33.11629 33.14973 33.18306 33.21626 33.24934 33.28231 33.31516 33.34788 33.38049 33.41297 33.44533 33.47757 33.5097 33.5417 33.57358 33.60534 33.63697 33.66849 33.69989 33.73116 33.76231 33.79334 33.82425 33.85504 33.8857 33.91624 33.94666 33.97696 34.00713 34.03718 34.06711
31.89795 31.93513 31.97218 32.00912 32.04594 32.08265 32.11924 32.15571 32.19207 32.22831 32.26444 32.30045 32.33634 32.37211 32.40777 32.44331 32.47873 32.51404 32.54923 32.5843 32.61926 32.65409 32.6888 32.7234 32.75788 32.79225 32.82649 32.86062 32.89463 32.92851 32.96228 32.99593 33.02946 33.06287 33.09616 33.12934 33.16239 33.19532 33.22814 33.26083 33.2934 33.32586 33.35818 33.3904 33.42249 33.45446 33.48631 33.51803 33.54964 33.58113 33.61249 33.64373 33.67485 33.70585 33.73673 33.76748 33.79811 33.82863 33.85902 33.88928 33.91943 33.94944 33.97934
31.81214 31.84928 31.8863 31.9232 31.95999 31.99667 32.03322 32.06966 32.10599 32.1422 32.17829 32.21426 32.25012 32.28586 32.32149 32.35699 32.39239 32.42766 32.46281 32.49785 32.53277 32.56757 32.60226 32.63683 32.67127 32.7056 32.73981 32.77391 32.80788 32.84174 32.87547 32.90909 32.94259 32.97597 33.00923 33.04237 33.07539 33.10829 33.14107 33.17373 33.20627 33.23869 33.27099 33.30317 33.33523 33.36717 33.39899 33.43068 33.46226 33.49371 33.52505 33.55626 33.58735 33.61831 33.64916 33.67989 33.71049 33.74097 33.77132 33.80156 33.83167 33.86166 33.89153
31.72628 31.76338 31.80037 31.83724 31.87399 31.91063 31.94716 31.98356 32.01986 32.05603 32.09209 32.12803 32.16386 32.19957 32.23516 32.27063 32.30599 32.34123 32.37635 32.41135 32.44624 32.48101 32.51566 32.5502 32.58461 32.61891 32.65309 32.68715 32.72109 32.75491 32.78862 32.8222 32.85567 32.88902 32.92225 32.95535 32.98834 33.02121 33.05396 33.08659 33.11909 33.15149 33.18375 33.2159 33.24793 33.27983 33.31162 33.34329 33.37483 33.40625 33.43756 33.46873 33.49979 33.53073 33.56155 33.59224 33.62281 33.65326 33.68359 33.71379 33.74388 33.77384 33.80368
31.64037 31.67743 31.71439 31.75122 31.78795 31.82455 31.86104 31.89742 31.93367 31.96981 32.00584 32.04175 32.07754 32.11322 32.14877 32.18422 32.21954 32.25475 32.28984 32.32481 32.35966 32.3944 32.42902 32.46352 32.4979 32.53217 32.56631 32.60034 32.63425 32.66804 32.70171 32.73527 32.7687 32.80201 32.83521 32.86829 32.90125 32.93408 32.9668 32.99939 33.03187 33.06423 33.09647 33.12858 33.16058 33.19246 33.22421 33.25584 33.28736 33.31875 33.35002 33.38117 33.4122 33.4431 33.47389 33.50455 33.5351 33.56551 33.59581 33.62598 33.65604 33.68597 33.71577
31.5544 31.59143 31.62835 31.66516 31.70185 31.73842 31.77487 31.81121 31.84744 31.88355 31.91954 31.95541 31.99117 32.02681 32.06234 32.09775 32.13304 32.16821 32.20327 32.23821 32.27303 32.30774 32.34232 32.37679 32.41114 32.44537 32.47949 32.51348 32.54736 32.58112 32.61476 32.64828 32.68168 32.71497 32.74813 32.78117 32.8141 32.8469 32.87959 32.91216 32.9446 32.97693 33.00913 33.04122 33.07318 33.10503 33.13675 33.16836 33.19984 33.2312 33.26244 33.29356 33.32455 33.35543 33.38618 33.41682 33.44733 33.47772 33.50798 33.53813 33.56815 33.59805 33.62783
31.46838 31.50538 31.54227 31.57904 31.61569 31.65223 31.68866 31.72496 31.76115 31.79723 31.83319 31.86903 31.90476 31.94036 31.97586 32.01123 32.04649 32.08163 32.11666 32.15157 32.18636 32.22103 32.25558 32.29002 32.32433 32.35854 32.39262 32.42658 32.46043 32.49415 32.52776 32.56125 32.59462 32.62787 32.661 32.69402 32.72691 32.75968 32.79234 32.82487 32.85728 32.88958 32.92175 32.95381 32.98574 33.01756 33.04925 33.08082 33.11227 33.1436 33.17481 33.2059 33.23687 33.26771 33.29844 33.32904 33.35952 33.38988 33.42012 33.45023 33.48022 33.51009 33.53984
31.38231 31.41928 31.45613 31.49287 31.52949 31.56599 31.60238 31.63866 31.67482 31.71086 31.74679 31.78259 31.81829 31.85386 31.88932 31.92467 31.95989 31.995 32.02999 32.06487 32.09962 32.13427 32.16879 32.20319 32.23748 32.27164 32.30569 32.33963 32.37344 32.40714 32.44071 32.47417 32.50751 32.54073 32.57383 32.60681 32.63967 32.67241 32.70503 32.73754 32.76992 32.80219 32.83433 32.86635 32.89825 32.93003 32.9617 32.99324 33.02466 33.05596 33.08714 33.1182 33.14914 33.17995 33.21064 33.24121 33.27167 33.30199 33.3322 33.36229 33.39225 33.42209 33.45181
31.29619 31.33312 31.36994 31.40664 31.44323 31.47971 31.51606 31.55231 31.58843 31.62444 31.66033 31.69611 31.73177 31.76731 31.80274 31.83805 31.87325 31.90832 31.94328 31.97812 32.01285 32.04745 32.08194 32.11631 32.15057 32.1847 32.21872 32.25262 32.2864 32.32007 32.35361 32.38704 32.42035 32.45353 32.4866 32.51955 32.55238 32.58509 32.61768 32.65016 32.68251 32.71474 32.74685 32.77885 32.81072 32.84247 32.8741 32.90561 32.937 32.96827 32.99942 33.03045 33.06136 33.09214 33.1228 33.15334 33.18377 33.21407 33.24424 33.2743 33.30423 33.33404 33.36373
31.21001 31.24691 31.2837 31.32037 31.35693 31.39337 31.42969 31.4659 31.50199 31.53797 31.57383 31.60957 31.6452 31.68071 31.71611 31.75138 31.78654 31.82159 31.85652 31.89133 31.92602 31.96059 31.99505 32.02939 32.06361 32.09772 32.1317 32.16557 32.19932 32.23295 32.26646 32.29986 32.33313 32.36629 32.39933 32.43225 32.46505 32.49773 32.53029 32.56273 32.59505 32.62725 32.65933 32.6913 32.72314 32.75486 32.78646 32.81794 32.8493 32.88054 32.91166 32.94265 32.97353 33.00428 33.03492 33.06543 33.09582 33.12609 33.15623 33.18626 33.21616 33.24594 33.2756
31.12378 31.16065 31.1974 31.23404 31.27057 31.30697 31.34327 31.37944 31.4155 31.45144 31.48727 31.52299 31.55858 31.59406 31.62942 31.66467 31.6998 31.73481 31.7697 31.80448 31.83914 31.87368 31.90811 31.94242 31.97661 32.01068 32.04464 32.07847 32.11219 32.14579 32.17927 32.21263 32.24588 32.279 32.31201 32.34489 32.37766 32.41031 32.44284 32.47525 32.50754 32.53971 32.57177 32.60369 32.63551 32.6672 32.69877 32.73022 32.76155 32.79276 32.82384 32.85481 32.88565 32.91638 32.94698 32.97747 33.00783 33.03807 33.06818 33.09818 33.12806 33.15781 33.18744
31.0375 31.07434 31.11106 31.14767 31.18416 31.22053 31.25679 31.29293 31.32896 31.36487 31.40067 31.43635 31.47191 31.50736 31.54269 31.5779 31.613 31.64798 31.68284 31.71758 31.75221 31.78672 31.82112 31.85539 31.88955 31.92359 31.95752 31.99132 32.02501 32.05857 32.09203 32.12536 32.15857 32.19167 32.22464 32.2575 32.29023 32.32285 32.35535 32.38773 32.41999 32.45213 32.48415 32.51605 32.54783 32.57949 32.61103 32.64245 32.67375 32.70493 32.73598 32.76692 32.79774 32.82843 32.85901 32.88946 32.91979 32.95 32.98009 33.01006 33.0399 33.06962 33.09922
30.95117 30.98797 31.02466 31.06124 31.09769 31.13404 31.17026 31.20637 31.24237 31.27825 31.31401 31.34966 31.38519 31.4206 31.4559 31.49108 31.52615 31.56109 31.59593 31.63064 31.66524 31.69972 31.73408 31.76832 31.80245 31.83646 31.87035 31.90412 31.93778 31.97132 32.00473 32.03803 32.07122 32.10428 32.13722 32.17005 32.20275 32.23534 32.26781 32.30016 32.33239 32.3645 32.39648 32.42836 32.46011 32.49174 32.52325 32.55463 32.5859 32.61705 32.64808 32.67899 32.70977 32.74044 32.77098 32.80141 32.83171 32.86189 32.89195 32.92189 32.9517 32.9814 33.01097
30.86479 30.90156 30.93821 30.97475 31.01118 31.04749 31.08368 31.11976 31.15572 31.19157 31.2273 31.26292 31.29842 31.3338 31.36906 31.40421 31.43925 31.47416 31.50896 31.54364 31.57821 31.61266 31.64699 31.6812 31.7153 31.74927 31.78313 31.81688 31.8505 31.884 31.91739 31.95066 31.98381 32.01685 32.04976 32.08255 32.11523 32.14779 32.18022 32.21254 32.24474 32.27682 32.30878 32.34061 32.37233 32.40393 32.43541 32.46677 32.49801 32.52913 32.56013 32.59101 32.62177 32.6524 32.68291 32.71331 32.74358 32.77373 32.80376 32.83367 32.86346 32.89312 32.92266
30.77835 30.81509 30.85171 30.88822 30.92461 30.96089 30.99705 31.0331 31.06903 31.10484 31.14054 31.17612 31.21159 31.24694 31.28218 31.3173 31.35229 31.38718 31.42195 31.4566 31.49113 31.52555 31.55985 31.59403 31.62809 31.66204 31.69587 31.72958 31.76317 31.79665 31.83 31.86324 31.89636 31.92936 31.96224 31.99501 32.02765 32.06018 32.09259 32.12487 32.15704 32.18909 32.22102 32.25283 32.28452 32.31609 32.34754 32.37887 32.41008 32.44117 32.47213 32.50298 32.53371 32.56431 32.5948 32.62516 32.65541 32.68553 32.71553 32.74541 32.77517 32.8048 32.83431
30.69186 30.72857 30.76516 30.80163 30.83799 30.87424 30.91037 30.94638 30.98228 31.01806 31.05373 31.08928 31.12472 31.16004 31.19524 31.23032 31.26529 31.30015 31.33488 31.3695 31.404 31.43839 31.47266 31.50681 31.54084 31.57475 31.60855 31.64223 31.67579 31.70924 31.74256 31.77577 31.80886 31.84183 31.87468 31.90742 31.94003 31.97252 32.0049 32.03716 32.0693 32.10131 32.13321 32.16499 32.19665 32.22819 32.25961 32.29091 32.32209 32.35315 32.38409 32.41491 32.44561 32.47618 32.50664 32.53697 32.56718 32.59728 32.62725 32.6571 32.68683 32.71643 32.74592
30.60532 30.64199 30.67855 30.71499 30.75132 30.78753 30.82363 30.85962 30.89548 30.93123 30.96687 31.00239 31.03779 31.07308 31.10825 31.1433 31.17824 31.21306 31.24777 31.28235 31.31683 31.35118 31.38542 31.41953 31.45354 31.48742 31.52119 31.55484 31.58837 31.62178 31.65508 31.68825 31.72131 31.75425 31.78707 31.81977 31.85236 31.88482 31.91717 31.9494 31.9815 32.01349 32.04536 32.07711 32.10874 32.14025 32.17164 32.20291 32.23406 32.26509 32.296 32.32679 32.35746 32.388 32.41843 32.44873 32.47892 32.50898 32.53893 32.56875 32.59845 32.62803 32.65748
30.51872 30.55536 30.59189 30.6283 30.6646 30.70078 30.73685 30.7728 30.80863 30.84435 30.87996 30.91544 30.95082 30.98607 31.02121 31.05623 31.09114 31.12593 31.1606 31.19516 31.2296 31.26392 31.29813 31.33221 31.36618 31.40004 31.43377 31.46739 31.50089 31.53427 31.56754 31.60068 31.63371 31.66662 31.69941 31.73208 31.76464 31.79707 31.82939 31.86159 31.89366 31.92562 31.95746 31.98918 32.02078 32.05226 32.08362 32.11486 32.14598 32.17698 32.20786 32.23862 32.26926 32.29978 32.33017 32.36045 32.39061 32.42064 32.45056 32.48035 32.51002 32.53957 32.569
30.43208 30.46869 30.50518 30.54156 30.57782 30.61397 30.65001 30.68593 30.72173 30.75742 30.79299 30.82845 30.86379 30.89901 30.93412 30.96911 31.00398 31.03874 31.07339 31.10791 31.14232 31.17661 31.21078 31.24484 31.27878 31.3126 31.34631 31.3799 31.41337 31.44672 31.47995 31.51307 31.54606 31.57894 31.6117 31.64435 31.67687 31.70927 31.74156 31.77373 31.80577 31.8377 31.86951 31.9012 31.93277 31.96422 31.99555 32.02676 32.05785 32.08883 32.11968 32.15041 32.18102 32.21151 32.24187 32.27212 32.30225 32.33226 32.36214 32.3919 32.42155 32.45107 32.48047
30.34538 30.38195 30.41842 30.45476 30.491 30.52711 30.56312 30.599 30.63478 30.67043 30.70597 30.7414 30.77671 30.8119 30.84698 30.88194 30.91678 30.95151 30.98612 31.02061 31.05499 31.08925 31.12339 31.15742 31.19133 31.22512 31.2588 31.29235 31.32579 31.35911 31.39232 31.4254 31.45837 31.49122 31.52395 31.55656 31.58905 31.62143 31.65368 31.68582 31.71784 31.74974 31.78152 31.81318 31.84472 31.87614 31.90744 31.93862 31.96968 32.00063 32.03144 32.06215 32.09273 32.12319 32.15353 32.18375 32.21384 32.24382 32.27368 32.30341 32.33303 32.36252 32.39189
30.25862 30.29517 30.3316 30.36792 30.40412 30.4402 30.47618 30.51203 30.54777 30.5834 30.6189 30.6543 30.68958 30.72474 30.75978 30.79471 30.82952 30.86422 30.8988 30.93327 30.96761 31.00184 31.03595 31.06995 31.10383 31.13759 31.17123 31.20476 31.23817 31.27146 31.30463 31.33769 31.37062 31.40344 31.43614 31.46872 31.50119 31.53353 31.56576 31.59787 31.62985 31.66172 31.69347 31.7251 31.75661 31.78801 31.81928 31.85043 31.88146 31.91237 31.94317 31.97384 32.00439 32.03482 32.06514 32.09533 32.12539 32.15534 32.18517 32.21488 32.24446 32.27393 32.30327
30.17182 30.20833 30.24473 30.28102 30.31718 30.35324 30.38918 30.425 30.46071 30.49631 30.53178 30.56715 30.60239 30.63752 30.67254 30.70744 30.74222 30.77688 30.81143 30.84587 30.88018 30.91438 30.94846 30.98243 31.01628 31.05001 31.08362 31.11712 31.15049 31.18375 31.2169 31.24992 31.28283 31.31562 31.34829 31.38084 31.41327 31.44559 31.47779 31.50986 31.54182 31.57366 31.60538 31.63698 31.66846 31.69983 31.73107 31.76219 31.7932 31.82408 31.85484 31.88549 31.91601 31.94641 31.97669 32.00686 32.0369 32.06682 32.09661 32.1263 32.15585 32.18529 32.2146
30.08496 30.12144 30.15781 30.19406 30.2302 30.26622 30.30213 30.33792 30.3736 30.40917 30.44461 30.47994 30.51516 30.55026 30.58524 30.62011 30.65486 30.6895 30.72401 30.75842 30.7927 30.82687 30.86092 30.89486 30.92867 30.96237 30.99596 31.02942 31.06277 31.096 31.12911 31.16211 31.19499 31.22775 31.26039 31.29291 31.32531 31.3576 31.38976 31.42181 31.45374 31.48555 31.51724 31.54881 31.58027 31.6116 31.64281 31.67391 31.70488 31.73573 31.76647 31.79708 31.82758 31.85795 31.88821 31.91834 31.94835 31.97824 32.00801 32.03767 32.0672 32.0966 32.12589
29.99804 30.0345 30.07083 30.10706 30.14316 30.17916 30.21503 30.2508 30.28644 30.32197 30.35739 30.39269 30.42787 30.46294 30.49789 30.53273 30.56745 30.60206 30.63655 30.67092 30.70517 30.73931 30.77333 30.80723 30.84102 30.87469 30.90825 30.94168 30.975 31.0082 31.04128 31.07425 31.10709 31.13982 31.17243 31.20493 31.2373 31.26955 31.30169 31.33371 31.36561 31.39739 31.42905 31.4606 31.49202 31.52332 31.55451 31.58557 31.61652 31.64734 31.67805 31.70864 31.7391 31.76945 31.79967 31.82978 31.85976 31.88963 31.91937 31.94899 31.97849 32.00787 32.03713
29.91108 29.9475 29.98381 30.02 30.05607 30.09204 30.12788 30.16361 30.19923 30.23473 30.27011 30.30538 30.34054 30.37557 30.4105 30.4453 30.47999 30.51457 30.54902 30.58336 30.61759 30.6517 30.68569 30.71956 30.75332 30.78696 30.82048 30.85389 30.88717 30.92035 30.9534 30.98633 31.01915 31.05185 31.08443 31.11689 31.14924 31.18147 31.21357 31.24556 31.27743 31.30919 31.34082 31.37233 31.40372 31.435 31.46616 31.49719 31.52811 31.55891 31.58958 31.62014 31.65058 31.6809 31.71109 31.74117 31.77113 31.80096 31.83068 31.86027 31.88974 31.9191 31.94833
29.82406 29.86045 29.89673 29.93289 29.96893 30.00486 30.04068 30.07638 30.11196 30.14743 30.18279 30.21803 30.25315 30.28815 30.32305 30.35782 30.39248 30.42702 30.46145 30.49576 30.52996 30.56403 30.59799 30.63184 30.66557 30.69917 30.73267 30.76604 30.7993 30.83244 30.86547 30.89837 30.93116 30.96383 30.99638 31.02881 31.06113 31.09333 31.1254 31.15737 31.18921 31.22093 31.25253 31.28402 31.31538 31.34663 31.37776 31.40876 31.43965 31.47042 31.50107 31.5316 31.56201 31.5923 31.62247 31.65251 31.68244 31.71225 31.74194 31.7715 31.80095 31.83027 31.85948
29.73699 29.77335 29.80959 29.84572 29.88174 29.91763 29.95342 29.98909 30.02464 30.06008 30.09541 30.13062 30.16571 30.20068 30.23554 30.27029 30.30492 30.33943 30.37383 30.40811 30.44227 30.47632 30.51025 30.54407 30.57776 30.61134 30.64481 30.67815 30.71138 30.74449 30.77748 30.81036 30.84312 30.87576 30.90828 30.94069 30.97297 31.00514 31.03719 31.06912 31.10093 31.13263 31.1642 31.19566 31.22699 31.25821 31.28931 31.32029 31.35115 31.38189 31.41251 31.44301 31.47339 31.50365 31.53379 31.56381 31.59371 31.62349 31.65315 31.68269 31.71211 31.74141 31.77058
