REKUR/basedata/North-Europe.asc
ncols         590
nrows         258
xllcorner     -2864291
yllcorner     200792
cellsize      10000
NODATA_value  -9999
[rows 224 to 251 of 258, columns 504 to 566 of 590]
31.84996 31.82153 31.79296 31.76428 31.73548 31.70656 31.67751 31.64835 31.61906 31.58965 31.56012 31.53048 31.50071 31.47082 31.44081 31.41068 31.38043 31.35006 31.31957 31.28896 31.25823 31.22738 31.19641 31.16533 31.13412 31.1028 31.07135 31.03979 31.00811 30.97631 30.94439 30.91235 30.8802 30.84792 30.81553 30.78302 30.75039 30.71765 30.68479 30.6518 30.61871 30.58549 30.55216 30.51871 30.48514 30.45146 30.41766 30.38374 30.34971 30.31556 30.28129 30.24691 30.21241 30.17779 30.14306 30.10821 30.07325 30.03817 30.00298 29.96767 29.93224 29.8967 29.86105
31.76082 31.7324 31.70387 31.67522 31.64644 31.61754 31.58853 31.55939 31.53013 31.50075 31.47125 31.44163 31.41189 31.38202 31.35204 31.32194 31.29172 31.26138 31.23092 31.20033 31.16963 31.13881 31.10788 31.07682 31.04564 31.01434 30.98293 30.95139 30.91974 30.88797 30.85608 30.82407 30.79194 30.7597 30.72734 30.69486 30.66226 30.62954 30.59671 30.56376 30.53069 30.4975 30.4642 30.43078 30.39724 30.36359 30.32982 30.29593 30.26192 30.2278 30.19357 30.15921 30.12475 30.09016 30.05546 30.02064 29.98571 29.95066 29.9155 29.88022 29.84482 29.80931 29.77369
31.67162 31.64324 31.61473 31.5861 31.55736 31.52849 31.49949 31.47038 31.44115 31.4118 31.38233 31.35273 31.32302 31.29318 31.26323 31.23316 31.20296 31.17265 31.14222 31.11166 31.08099 31.0502 31.01929 30.98826 30.95711 30.92584 30.89445 30.86295 30.83132 30.79958 30.76772 30.73574 30.70364 30.67143 30.63909 30.60664 30.57407 30.54139 30.50858 30.47566 30.44262 30.40946 30.37619 30.3428 30.30929 30.27567 30.24192 30.20807 30.17409 30.14 30.10579 30.07147 30.03703 30.00248 29.96781 29.93302 29.89812 29.8631 29.82797 29.79272 29.75735 29.72187 29.68628
31.58238 31.55403 31.52555 31.49694 31.46822 31.43938 31.41042 31.38133 31.35213 31.3228 31.29336 31.26379 31.2341 31.2043 31.17437 31.14433 31.11416 31.08387 31.05347 31.02294 30.9923 30.96153 30.93065 30.89965 30.86853 30.83729 30.80593 30.77445 30.74286 30.71114 30.67931 30.64736 30.61529 30.58311 30.5508 30.51838 30.48584 30.45318 30.4204 30.38751 30.3545 30.32137 30.28813 30.25477 30.22129 30.18769 30.15398 30.12016 30.08621 30.05215 30.01797 29.98368 29.94927 29.91474 29.8801 29.84535 29.81047 29.77549 29.74038 29.70516 29.66983 29.63438 29.59882
31.4931 31.46477 31.43631 31.40774 31.37905 31.35023 31.32129 31.29223 31.26306 31.23376 31.20434 31.1748 31.14514 31.11536 31.08546 31.05544 31.02531 30.99505 30.96467 30.93417 30.90356 30.87282 30.84197 30.81099 30.7799 30.74869 30.71736 30.68591 30.65434 30.62266 30.59085 30.55893 30.52689 30.49473 30.46246 30.43006 30.39755 30.36492 30.33218 30.29931 30.26633 30.23323 30.20002 30.16669 30.13324 30.09967 30.06599 30.03219 29.99828 29.96424 29.9301 29.89583 29.86145 29.82696 29.79235 29.75762 29.72278 29.68782 29.65275 29.61756 29.58225 29.54683 29.5113
31.40377 31.37546 31.34703 31.31849 31.28982 31.26103 31.23212 31.20309 31.17394 31.14467 31.11528 31.08577 31.05613 31.02638 30.99651 30.96652 30.93641 30.90618 30.87583 30.84536 30.81477 30.78406 30.75323 30.72229 30.69122 30.66004 30.62874 30.59732 30.56578 30.53412 30.50235 30.47045 30.43844 30.40631 30.37406 30.3417 30.30922 30.27662 30.2439 30.21106 30.17811 30.14504 30.11186 30.07855 30.04513 30.0116 29.97795 29.94418 29.91029 29.87629 29.84217 29.80794 29.77359 29.73912 29.70454 29.66984 29.63503 29.6001 29.56506 29.5299 29.49463 29.45924 29.42373
31.31439 31.28611 31.25771 31.22919 31.20055 31.17179 31.1429 31.1139 31.08477 31.05553 31.02617 30.99668 30.96708 30.93735 30.90751 30.87754 30.84746 30.81726 30.78694 30.75649 30.72593 30.69525 30.66445 30.63354 30.6025 30.57134 30.54007 30.50868 30.47717 30.44554 30.41379 30.38192 30.34994 30.31784 30.28562 30.25328 30.22083 30.18826 30.15557 30.12276 30.08984 30.0568 30.02365 29.99037 29.95698 29.92347 29.88985 29.85611 29.82225 29.78828 29.75419 29.71999 29.68567 29.65123 29.61668 29.58201 29.54723 29.51233 29.47732 29.44219 29.40694 29.37158 29.33611
31.22497 31.19671 31.16834 31.13984 31.11123 31.08249 31.05364 31.02466 30.99556 30.96635 30.93701 30.90755 30.87797 30.84828 30.81846 30.78852 30.75846 30.72829 30.69799 30.66758 30.63705 30.60639 30.57562 30.54473 30.51373 30.4826 30.45135 30.41999 30.3885 30.3569 30.32518 30.29335 30.26139 30.22932 30.19713 30.16482 30.13239 30.09985 30.06719 30.03442 30.00152 29.96851 29.93538 29.90214 29.86877 29.8353 29.8017 29.76799 29.73416 29.70022 29.66616 29.63199 29.59769 29.56329 29.52876 29.49413 29.45937 29.42451 29.38952 29.35442 29.31921 29.28388 29.24844
31.1355 31.10727 31.07892 31.05045 31.02186 30.99315 30.96432 30.93538 30.90631 30.87711 30.8478 30.81837 30.78882 30.75915 30.72936 30.69945 30.66942 30.63927 30.60901 30.57862 30.54811 30.51749 30.48675 30.45588 30.4249 30.3938 30.36258 30.33125 30.29979 30.26822 30.23653 30.20472 30.17279 30.14075 30.10859 30.07631 30.04391 30.0114 29.97876 29.94602 29.91315 29.88017 29.84707 29.81385 29.78052 29.74707 29.7135 29.67982 29.64602 29.61211 29.57808 29.54393 29.50967 29.47529 29.4408 29.40619 29.37147 29.33663 29.30168 29.26661 29.23142 29.19612 29.16071
31.04598 31.01778 30.98946 30.96102 30.93245 30.90377 30.87497 30.84604 30.817 30.78783 30.75855 30.72915 30.69962 30.66998 30.64022 30.61033 30.58033 30.55021 30.51997 30.48961 30.45913 30.42853 30.39782 30.36698 30.33603 30.30496 30.27377 30.24246 30.21103 30.17949 30.14782 30.11604 30.08414 30.05213 30.01999 29.98774 29.95537 29.92289 29.89029 29.85756 29.82473 29.79177 29.7587 29.72552 29.69221 29.65879 29.62525 29.5916 29.55783 29.52395 29.48995 29.45583 29.4216 29.38725 29.35279 29.3182 29.28351 29.2487 29.21378 29.17874 29.14358 29.10831 29.07293
30.95642 30.92824 30.89995 30.87153 30.84299 30.81434 30.78556 30.75666 30.72765 30.69851 30.66925 30.63987 30.61038 30.58076 30.55102 30.52117 30.49119 30.4611 30.43089 30.40055 30.3701 30.33953 30.30884 30.27803 30.24711 30.21606 30.1849 30.15362 30.12222 30.0907 30.05907 30.02732 29.99545 29.96346 29.93135 29.89913 29.86679 29.83433 29.80176 29.76906 29.73626 29.70333 29.67029 29.63713 29.60385 29.57046 29.53695 29.50333 29.46959 29.43573 29.40176 29.36767 29.33347 29.29915 29.26472 29.23017 29.1955 29.16072 29.12582 29.09081 29.05569 29.02045 28.98509
30.86681 30.83866 30.81039 30.782 30.75349 30.72486 30.69611 30.66724 30.63824 30.60913 30.5799 30.55055 30.52108 30.49149 30.46178 30.43195 30.402 30.37194 30.34175 30.31145 30.28102 30.25048 30.21982 30.18904 30.15814 30.12712 30.09599 30.06473 30.03336 30.00187 29.97026 29.93854 29.9067 29.87474 29.84266 29.81046 29.77815 29.74572 29.71317 29.68051 29.64773 29.61483 29.58182 29.54869 29.51544 29.48208 29.4486 29.415 29.38129 29.34747 29.31352 29.27946 29.24529 29.211 29.17659 29.14207 29.10744 29.07269 29.03782 29.00284 28.96774 28.93253 28.8972
30.77715 30.74903 30.72079 30.69242 30.66394 30.63533 30.60661 30.57776 30.5488 30.51971 30.49051 30.46118 30.43174 30.40218 30.37249 30.34269 30.31277 30.28273 30.25257 30.22229 30.19189 30.16138 30.13074 30.09999 30.06912 30.03813 30.00702 29.9758 29.94445 29.91299 29.88141 29.84971 29.8179 29.78596 29.75392 29.72175 29.68946 29.65706 29.62454 29.59191 29.55916 29.52629 29.4933 29.4602 29.42698 29.39365 29.3602 29.32663 29.29295 29.25915 29.22523 29.1912 29.15706 29.1228 29.08842 29.05393 29.01932 28.9846 28.94976 28.91481 28.87974 28.84456 28.80926
30.68745 30.65935 30.63113 30.60279 30.57434 30.54576 30.51706 30.48824 30.4593 30.43024 30.40106 30.37177 30.34235 30.31281 30.28316 30.25338 30.22348 30.19347 30.16334 30.13309 30.10272 30.07223 30.04162 30.01089 29.98005 29.94909 29.91801 29.88681 29.85549 29.82406 29.79251 29.76084 29.72905 29.69714 29.66512 29.63298 29.60073 29.56835 29.53586 29.50326 29.47053 29.43769 29.40473 29.37166 29.33847 29.30516 29.27174 29.2382 29.20455 29.17078 29.13689 29.10289 29.06877 29.03454 29.00019 28.96573 28.93115 28.89646 28.86165 28.82673 28.79169 28.75654 28.72127
30.5977 30.56963 30.54144 30.51312 30.48469 30.45614 30.42746 30.39867 30.36976 30.34072 30.31157 30.2823 30.25291 30.2234 30.19377 30.16402 30.13415 30.10416 30.07406 30.04383 30.01349 29.98303 29.95245 29.92175 29.89093 29.86 29.82894 29.79777 29.76648 29.73508 29.70355 29.67191 29.64015 29.60827 29.57628 29.54417 29.51194 29.47959 29.44713 29.41455 29.38186 29.34904 29.31611 29.28307 29.2499 29.21663 29.18323 29.14972 29.1161 29.08236 29.0485 29.01452 28.98044 28.94623 28.91191 28.87748 28.84293 28.80826 28.77349 28.73859 28.70358 28.66846 28.63322
30.5079 30.47986 30.45169 30.4234 30.39499 30.36647 30.33782 30.30905 30.28017 30.25116 30.22203 30.19279 30.16342 30.13394 30.10433 30.07461 30.04477 30.01481 29.98473 29.95453 29.92422 29.89378 29.86323 29.83256 29.80177 29.77086 29.73983 29.70869 29.67743 29.64605 29.61455 29.58293 29.5512 29.51935 29.48738 29.4553 29.4231 29.39078 29.35835 29.32579 29.29313 29.26034 29.22744 29.19442 29.16129 29.12804 29.09467 29.06119 29.02759 28.99388 28.96005 28.92611 28.89205 28.85787 28.82358 28.78918 28.75465 28.72002 28.68527 28.6504 28.61542 28.58033 28.54512
30.41806 30.39004 30.3619 30.33364 30.30525 30.27675 30.24813 30.21939 30.19053 30.16155 30.13245 30.10323 30.07389 30.04443 30.01485 29.98516 29.95534 29.92541 29.89535 29.86518 29.83489 29.80448 29.77396 29.74331 29.71255 29.68167 29.65067 29.61955 29.58832 29.55696 29.52549 29.49391 29.4622 29.43038 29.39844 29.36638 29.33421 29.30192 29.26951 29.23699 29.20435 29.17159 29.13872 29.10573 29.07262 29.0394 29.00606 28.97261 28.93904 28.90535 28.87155 28.83764 28.80361 28.76946 28.7352 28.70082 28.66633 28.63172 28.597 28.56216 28.52721 28.49214 28.45696
30.32817 30.30017 30.27206 30.24382 30.21546 30.18699 30.15839 30.12967 30.10084 30.07189 30.04281 30.01362 29.9843 29.95487 29.92532 29.89565 29.86586 29.83595 29.80593 29.77578 29.74552 29.71514 29.68464 29.65402 29.62328 29.59243 29.56145 29.53036 29.49916 29.46783 29.43639 29.40483 29.37315 29.34136 29.30944 29.27741 29.24527 29.21301 29.18063 29.14813 29.11552 29.08279 29.04994 29.01698 28.9839 28.95071 28.9174 28.88397 28.85043 28.81677 28.783 28.74911 28.71511 28.68099 28.64676 28.61241 28.57795 28.54337 28.50867 28.47387 28.43894 28.4039 28.36875
30.23823 30.21026 30.18217 30.15396 30.12563 30.09718 30.06861 30.03992 30.0111 29.98218 29.95313 29.92396 29.89467 29.86527 29.83574 29.8061 29.77633 29.74645 29.71645 29.68633 29.6561 29.62574 29.59527 29.56468 29.53397 29.50314 29.47219 29.44113 29.40995 29.37865 29.34723 29.3157 29.28405 29.25228 29.2204 29.18839 29.15628 29.12404 29.09169 29.05922 29.02664 28.99393 28.96112 28.92818 28.89513 28.86197 28.82868 28.79529 28.76177 28.72814 28.6944 28.66054 28.62656 28.59247 28.55827 28.52395 28.48951 28.45496 28.4203 28.38552 28.35062 28.31561 28.28049
30.14824 30.1203 30.09223 30.06405 30.03574 30.00732 29.97877 29.95011 29.92132 29.89242 29.8634 29.83425 29.80499 29.77561 29.74611 29.71649 29.68676 29.6569 29.62693 29.59684 29.56663 29.53629 29.50585 29.47528 29.4446 29.4138 29.38288 29.35184 29.32069 29.28942 29.25803 29.22652 29.1949 29.16316 29.1313 29.09933 29.06723 29.03503 29.0027 28.97026 28.9377 28.90503 28.87224 28.83933 28.80631 28.77317 28.73992 28.70655 28.67306 28.63946 28.60574 28.57191 28.53796 28.5039 28.46972 28.43543 28.40102 28.3665 28.33187 28.29711 28.26225 28.22727 28.19217
30.05821 30.03029 30.00225 29.97409 29.94581 29.91741 29.88889 29.86025 29.83149 29.80261 29.77361 29.7445 29.71526 29.68591 29.65644 29.62684 29.59713 29.5673 29.53735 29.50729 29.4771 29.4468 29.41638 29.38584 29.35518 29.32441 29.29352 29.26251 29.23138 29.20013 29.16877 29.13729 29.1057 29.07398 29.04215 29.0102 28.97814 28.94596 28.91366 28.88125 28.84872 28.81607 28.78331 28.75043 28.71743 28.68432 28.6511 28.61775 28.5843 28.55072 28.51703 28.48323 28.44931 28.41528 28.38113 28.34686 28.31248 28.27799 28.24338 28.20866 28.17382 28.13887 28.1038
29.96813 29.94024 29.91222 29.88408 29.85583 29.82745 29.79896 29.77034 29.74161 29.71276 29.68379 29.6547 29.62548 29.59616 29.56671 29.53714 29.50746 29.47765 29.44773 29.41769 29.38753 29.35726 29.32686 29.29635 29.26572 29.23497 29.2041 29.17312 29.14202 29.1108 29.07947 29.04801 29.01644 28.98476 28.95295 28.92103 28.88899 28.85684 28.82457 28.79218 28.75968 28.72706 28.69432 28.66147 28.62851 28.59542 28.56222 28.52891 28.49548 28.46193 28.42827 28.3945 28.36061 28.3266 28.29248 28.25824 28.22389 28.18942 28.15484 28.12015 28.08534 28.05042 28.01538
29.878 29.85013 29.82214 29.79403 29.7658 29.73745 29.70898 29.68039 29.65168 29.62286 29.59391 29.56484 29.53566 29.50636 29.47693 29.44739 29.41773 29.38795 29.35806 29.32804 29.29791 29.26766 29.23729 29.20681 29.1762 29.14548 29.11464 29.08368 29.05261 29.02142 28.99011 28.95868 28.92714 28.89548 28.8637 28.83181 28.7998 28.76767 28.73543 28.70307 28.67059 28.638 28.60529 28.57247 28.53953 28.50647 28.4733 28.44001 28.40661 28.37309 28.33946 28.30571 28.27184 28.23787 28.20377 28.16956 28.13524 28.1008 28.06625 28.03158 27.9968 27.96191 27.9269
29.78783 29.75998 29.73202 29.70393 29.67572 29.6474 29.61895 29.59039 29.56171 29.5329 29.50398 29.47494 29.44578 29.41651 29.38711 29.35759 29.32796 29.29821 29.26834 29.23835 29.20824 29.17802 29.14767 29.11721 29.08664 29.05594 29.02513 28.9942 28.96315 28.93198 28.9007 28.8693 28.83778 28.80615 28.7744 28.74253 28.71055 28.67845 28.64623 28.6139 28.58145 28.54889 28.5162 28.48341 28.45049 28.41747 28.38432 28.35106 28.31769 28.2842 28.25059 28.21687 28.18303 28.14908 28.11502 28.08084 28.04654 28.01213 27.9776 27.94297 27.90821 27.87334 27.83836
29.69761 29.66978 29.64184 29.61378 29.5856 29.5573 29.52888 29.50034 29.47168 29.4429 29.41401 29.38499 29.35586 29.32661 29.29724 29.26775 29.23814 29.20841 29.17857 29.1486 29.11852 29.08832 29.05801 29.02757 28.99702 28.96635 28.93556 28.90466 28.87364 28.8425 28.81124 28.77987 28.74838 28.71677 28.68505 28.65321 28.62125 28.58918 28.55699 28.52468 28.49226 28.45972 28.42707 28.3943 28.36141 28.32841 28.29529 28.26206 28.22871 28.19525 28.16167 28.12798 28.09417 28.06024 28.02621 27.99205 27.95778 27.9234 27.8889 27.85429 27.81957 27.78473 27.74977
29.60733 29.57954 29.55162 29.52358 29.49543 29.46715 29.43876 29.41024 29.38161 29.35286 29.32398 29.29499 29.26588 29.23666 29.20731 29.17785 29.14826 29.11856 29.08875 29.05881 29.02875 28.99858 28.96829 28.93788 28.90735 28.87671 28.84595 28.81507 28.78407 28.75296 28.72173 28.69038 28.65892 28.62734 28.59564 28.56383 28.5319 28.49985 28.46769 28.43541 28.40302 28.3705 28.33788 28.30513 28.27227 28.2393 28.20621 28.173 28.13968 28.10625 28.0727 28.03903 28.00525 27.97135 27.93734 27.90322 27.86898 27.83462 27.80015 27.76557 27.73087 27.69606 27.66113
29.51702 29.48924 29.46135 29.43334 29.4052 29.37695 29.34858 29.32009 29.29148 29.26276 29.23391 29.20495 29.17586 29.14666 29.11734 29.0879 29.05834 29.02867 28.99887 28.96896 28.93893 28.90878 28.87852 28.84814 28.81764 28.78702 28.75628 28.72543 28.69446 28.66337 28.63217 28.60085 28.56941 28.53786 28.50619 28.4744 28.4425 28.41048 28.37834 28.34609 28.31372 28.28123 28.24863 28.21592 28.18309 28.15014 28.11707 28.0839 28.0506 28.01719 27.98367 27.95003 27.91628 27.88241 27.84842 27.81433 27.78011 27.74579 27.71134 27.67679 27.64212 27.60733 27.57244
29.42665 29.3989 29.37103 29.34304 29.31494 29.28671 29.25836 29.2299 29.20131 29.17261 29.14379 29.11485 29.08579 29.05661 29.02732 28.9979 28.96837 28.93872 28.90895 28.87907 28.84906 28.81894 28.7887 28.75834 28.72787 28.69728 28.66657 28.63574 28.6048 28.57374 28.54256 28.51126 28.47985 28.44832 28.41668 28.38492 28.35304 28.32105 28.28894 28.25671 28.22437 28.19191 28.15934 28.12665 28.09384 28.06092 28.02789 27.99474 27.96147 27.92809 27.89459 27.86098 27.82725 27.79341 27.75945 27.72538 27.6912 27.6569 27.62248 27.58795 27.55331 27.51855 27.48368
