REKUR/basedata/North-Europe.asc
ncols         590
nrows         258
xllcorner     -2864291
yllcorner     200792
cellsize      10000
NODATA_value  -9999
[rows 168 to 195 of 258, columns 126 to 188 of 590]
38.30164 38.32406 38.34636 38.36852 38.39054 38.41244 38.43419 38.45581 38.4773 38.49866 38.51987 38.54096 38.56191 38.58272 38.6034 38.62394 38.64435 38.66462 38.68476 38.70476 38.72462 38.74435 38.76394 38.78339 38.80271 38.8219 38.84094 38.85985 38.87862 38.89726 38.91576 38.93412 38.95234 38.97043 38.98838 39.00619 39.02386 39.0414 39.0588 39.07606 39.09318 39.11016 39.12701 39.14372 39.16029 39.17672 39.19301 39.20916 39.22518 39.24105 39.25679 39.27239 39.28785 39.30317 39.31834 39.33339 39.34829 39.36305 39.37767 39.39215 39.40649 39.4207 39.43476
38.21316 38.23557 38.25783 38.27996 38.30196 38.32383 38.34556 38.36716 38.38862 38.40995 38.43114 38.4522 38.47312 38.49391 38.51456 38.53508 38.55546 38.57571 38.59582 38.6158 38.63564 38.65534 38.67491 38.69434 38.71363 38.73279 38.75182 38.7707 38.78945 38.80806 38.82654 38.84488 38.86308 38.88114 38.89907 38.91686 38.93451 38.95202 38.9694 38.98664 39.00374 39.0207 39.03753 39.05421 39.07076 39.08717 39.10345 39.11958 39.13557 39.15143 39.16715 39.18272 39.19816 39.21346 39.22863 39.24364 39.25853 39.27327 39.28787 39.30234 39.31666 39.33084 39.34489
38.12466 38.14703 38.16927 38.19138 38.21335 38.23519 38.25689 38.27847 38.2999 38.3212 38.34237 38.3634 38.3843 38.40506 38.42569 38.44619 38.46654 38.48676 38.50685 38.5268 38.54662 38.5663 38.58584 38.60525 38.62452 38.64365 38.66265 38.68152 38.70024 38.71883 38.73729 38.7556 38.77378 38.79182 38.80973 38.8275 38.84513 38.86262 38.87997 38.89719 38.91427 38.93121 38.94802 38.96468 38.98121 38.9976 39.01385 39.02996 39.04594 39.06178 39.07747 39.09303 39.10845 39.12373 39.13887 39.15388 39.16874 39.18346 39.19805 39.21249 39.2268 39.24097 39.25499
38.03611 38.05846 38.08067 38.10276 38.1247 38.14651 38.16819 38.18974 38.21115 38.23243 38.25357 38.27457 38.29545 38.31618 38.33679 38.35726 38.37759 38.39779 38.41785 38.43777 38.45757 38.47722 38.49674 38.51613 38.53537 38.55449 38.57346 38.5923 38.61101 38.62957 38.648 38.6663 38.68445 38.70247 38.72036 38.7381 38.75571 38.77318 38.79052 38.80771 38.82477 38.84169 38.85847 38.87512 38.89163 38.908 38.92423 38.94032 38.95628 38.97209 38.98777 39.00331 39.01871 39.03397 39.04909 39.06408 39.07892 39.09363 39.10819 39.12262 39.13691 39.15106 39.16507
37.94754 37.96986 37.99204 38.0141 38.03602 38.0578 38.07946 38.10098 38.12236 38.14362 38.16473 38.18571 38.20656 38.22727 38.24785 38.2683 38.2886 38.30878 38.32882 38.34872 38.36848 38.38811 38.40761 38.42697 38.4462 38.46529 38.48424 38.50306 38.52174 38.54028 38.55869 38.57696 38.59509 38.61309 38.63095 38.64868 38.66626 38.68371 38.70102 38.7182 38.73524 38.75214 38.7689 38.78553 38.80201 38.81836 38.83457 38.85065 38.86658 38.88238 38.89804 38.91356 38.92894 38.94418 38.95928 38.97425 38.98907 39.00376 39.01831 39.03272 39.04699 39.06112 39.07511
37.85892 37.88122 37.90338 37.92541 37.9473 37.96906 37.99069 38.01218 38.03354 38.05477 38.07586 38.09682 38.11764 38.13833 38.15888 38.1793 38.19958 38.21973 38.23975 38.25962 38.27937 38.29898 38.31845 38.33779 38.35699 38.37605 38.39499 38.41378 38.43243 38.45096 38.46934 38.48759 38.5057 38.52368 38.54152 38.55922 38.57679 38.59421 38.6115 38.62866 38.64568 38.66256 38.67929 38.6959 38.71237 38.72869 38.74489 38.76094 38.77686 38.79263 38.80827 38.82377 38.83913 38.85436 38.86944 38.88439 38.8992 38.91386 38.92839 38.94279 38.95704 38.97115 38.98513
37.77028 37.79254 37.81468 37.83668 37.85855 37.88028 37.90189 37.92336 37.94469 37.96589 37.98695 38.00788 38.02868 38.04935 38.06988 38.09027 38.11053 38.13066 38.15065 38.1705 38.19022 38.2098 38.22925 38.24857 38.26775 38.28679 38.30569 38.32447 38.3431 38.3616 38.37996 38.39819 38.41628 38.43423 38.45205 38.46973 38.48727 38.50468 38.52195 38.53909 38.55608 38.57294 38.58966 38.60624 38.62269 38.639 38.65517 38.6712 38.6871 38.70286 38.71848 38.73396 38.7493 38.76451 38.77957 38.7945 38.80929 38.82394 38.83845 38.85283 38.86706 38.88116 38.89511
37.68159 37.70383 37.72594 37.74792 37.76976 37.79147 37.81305 37.83449 37.8558 37.87698 37.89801 37.91892 37.9397 37.96033 37.98084 38.00121 38.02144 38.04155 38.06151 38.08134 38.10104 38.1206 38.14003 38.15932 38.17847 38.19749 38.21637 38.23512 38.25373 38.27221 38.29055 38.30876 38.32682 38.34476 38.36255 38.38021 38.39773 38.41512 38.43237 38.44948 38.46645 38.48329 38.49999 38.51656 38.53298 38.54927 38.56542 38.58144 38.59731 38.61305 38.62865 38.64412 38.65944 38.67463 38.68967 38.70458 38.71935 38.73399 38.74848 38.76283 38.77705 38.79113 38.80507
37.59287 37.61509 37.63717 37.65912 37.68094 37.70263 37.72417 37.74559 37.76688 37.78802 37.80904 37.82993 37.85067 37.87129 37.89177 37.91211 37.93232 37.9524 37.97234 37.99215 38.01182 38.03136 38.05076 38.07003 38.08916 38.10816 38.12702 38.14574 38.16434 38.18279 38.20111 38.21929 38.23734 38.25525 38.27302 38.29066 38.30816 38.32552 38.34275 38.35984 38.3768 38.39362 38.4103 38.42684 38.44324 38.45951 38.47565 38.49164 38.5075 38.52322 38.5388 38.55424 38.56955 38.58471 38.59974 38.61463 38.62938 38.644 38.65847 38.67281 38.68701 38.70107 38.71499
37.50412 37.52631 37.54837 37.57029 37.59208 37.61374 37.63527 37.65666 37.67792 37.69904 37.72004 37.74089 37.76162 37.78221 37.80266 37.82298 37.84317 37.86322 37.88314 37.90293 37.92257 37.94209 37.96147 37.98071 37.99982 38.0188 38.03764 38.05634 38.07491 38.09334 38.11163 38.1298 38.14782 38.16571 38.18346 38.20108 38.21856 38.2359 38.25311 38.27018 38.28711 38.30391 38.32057 38.33709 38.35348 38.36972 38.38584 38.40181 38.41765 38.43335 38.44891 38.46433 38.47962 38.49477 38.50978 38.52465 38.53939 38.55399 38.56844 38.58276 38.59694 38.61098 38.62489
37.41533 37.4375 37.45953 37.48143 37.50319 37.52483 37.54633 37.56769 37.58893 37.61003 37.63099 37.65182 37.67253 37.69309 37.71352 37.73382 37.75398 37.77401 37.79391 37.81367 37.83329 37.85278 37.87214 37.89136 37.91045 37.9294 37.94822 37.9669 37.98544 38.00385 38.02213 38.04026 38.05827 38.07613 38.09386 38.11146 38.12892 38.14624 38.16343 38.18048 38.19739 38.21416 38.23081 38.24731 38.26368 38.2799 38.296 38.31195 38.32777 38.34345 38.35899 38.3744 38.38967 38.4048 38.41979 38.43464 38.44936 38.46394 38.47838 38.49268 38.50684 38.52087 38.53476
37.32651 37.34865 37.37065 37.39252 37.41427 37.43587 37.45735 37.47869 37.4999 37.52098 37.54192 37.56273 37.5834 37.60394 37.62435 37.64462 37.66476 37.68477 37.70464 37.72438 37.74398 37.76345 37.78278 37.80198 37.82104 37.83997 37.85876 37.87742 37.89594 37.91433 37.93258 37.9507 37.96868 37.98653 38.00424 38.02181 38.03925 38.05655 38.07372 38.09074 38.10764 38.12439 38.14101 38.1575 38.17384 38.19005 38.20613 38.22206 38.23786 38.25352 38.26905 38.28443 38.29968 38.31479 38.32977 38.3446 38.3593 38.37386 38.38829 38.40257 38.41672 38.43073 38.4446
37.23765 37.25976 37.28174 37.30359 37.32531 37.34689 37.36834 37.38966 37.41084 37.43189 37.4528 37.47359 37.49424 37.51476 37.53514 37.55539 37.57551 37.59549 37.61534 37.63505 37.65463 37.67407 37.69338 37.71256 37.7316 37.75051 37.76928 37.78791 37.80642 37.82478 37.84301 37.86111 37.87907 37.89689 37.91458 37.93213 37.94955 37.96683 37.98397 38.00098 38.01786 38.03459 38.05119 38.06765 38.08398 38.10017 38.11622 38.13214 38.14792 38.16356 38.17907 38.19444 38.20966 38.22476 38.23971 38.25453 38.26921 38.28376 38.29816 38.31243 38.32656 38.34055 38.3544
37.14875 37.17084 37.19279 37.21462 37.23631 37.25787 37.27929 37.30058 37.32174 37.34277 37.36366 37.38442 37.40505 37.42554 37.4459 37.46613 37.48622 37.50618 37.526 37.54569 37.56525 37.58467 37.60395 37.62311 37.64213 37.66101 37.67976 37.69837 37.71685 37.7352 37.75341 37.77148 37.78942 37.80722 37.82489 37.84242 37.85981 37.87708 37.8942 37.91119 37.92804 37.94476 37.96133 37.97778 37.99408 38.01025 38.02629 38.04219 38.05795 38.07357 38.08905 38.1044 38.11962 38.13469 38.14963 38.16443 38.17909 38.19362 38.208 38.22226 38.23637 38.25034 38.26418
37.05982 37.08188 37.10381 37.12561 37.14727 37.16881 37.19021 37.21148 37.23261 37.25361 37.27448 37.29522 37.31582 37.33629 37.35662 37.37682 37.39689 37.41683 37.43663 37.4563 37.47583 37.49523 37.51449 37.53362 37.55262 37.57148 37.59021 37.6088 37.62725 37.64558 37.66376 37.68182 37.69973 37.71752 37.73516 37.75267 37.77005 37.78729 37.80439 37.82136 37.83819 37.85489 37.87145 37.88787 37.90416 37.92031 37.93633 37.9522 37.96794 37.98355 37.99902 38.01435 38.02954 38.0446 38.05952 38.0743 38.08894 38.10345 38.11782 38.13205 38.14615 38.16011 38.17392
36.97086 36.99289 37.0148 37.03657 37.05821 37.07972 37.10109 37.12233 37.14344 37.16442 37.18526 37.20598 37.22655 37.247 37.26731 37.28749 37.30754 37.32745 37.34723 37.36687 37.38638 37.40575 37.425 37.4441 37.46308 37.48192 37.50062 37.51919 37.53763 37.55593 37.57409 37.59212 37.61002 37.62778 37.6454 37.6629 37.68025 37.69747 37.71455 37.7315 37.74831 37.76499 37.78153 37.79793 37.8142 37.83033 37.84632 37.86219 37.87791 37.89349 37.90894 37.92426 37.93943 37.95447 37.96937 37.98413 37.99876 38.01325 38.0276 38.04182 38.0559 38.06984 38.08364
36.88185 36.90386 36.92574 36.94749 36.9691 36.99059 37.01194 37.03316 37.05424 37.0752 37.09602 37.1167 37.13726 37.15768 37.17797 37.19812 37.21814 37.23803 37.25779 37.27741 37.29689 37.31625 37.33547 37.35455 37.3735 37.39232 37.411 37.42955 37.44796 37.46624 37.48439 37.5024 37.52027 37.53801 37.55562 37.57309 37.59042 37.60762 37.62468 37.64161 37.6584 37.67506 37.69158 37.70796 37.72421 37.74032 37.7563 37.77214 37.78784 37.80341 37.81884 37.83413 37.84929 37.86431 37.87919 37.89394 37.90855 37.92302 37.93736 37.95155 37.96561 37.97954 37.99332
36.79281 36.8148 36.83665 36.85838 36.87997 36.90142 36.92275 36.94394 36.965 36.98594 37.00673 37.02739 37.04792 37.06832 37.08858 37.10872 37.12872 37.14858 37.16831 37.18791 37.20737 37.22671 37.2459 37.26497 37.2839 37.30269 37.32135 37.33988 37.35827 37.37653 37.39465 37.41264 37.43049 37.44821 37.46579 37.48324 37.50056 37.51773 37.53478 37.55169 37.56845 37.58509 37.60159 37.61796 37.63419 37.65028 37.66624 37.68206 37.69774 37.71329 37.7287 37.74398 37.75912 37.77412 37.78899 37.80371 37.81831 37.83276 37.84708 37.86126 37.87531 37.88921 37.90298
36.70374 36.7257 36.74753 36.76923 36.79079 36.81223 36.83353 36.85469 36.87573 36.89664 36.91741 36.93805 36.95856 36.97893 36.99917 37.01928 37.03926 37.0591 37.07881 37.09838 37.11782 37.13713 37.15631 37.17535 37.19426 37.21303 37.23167 37.25017 37.26854 37.28678 37.30488 37.32285 37.34068 37.35838 37.37594 37.39337 37.41066 37.42782 37.44484 37.46173 37.47848 37.49509 37.51158 37.52792 37.54413 37.56021 37.57615 37.59195 37.60761 37.62314 37.63853 37.65379 37.66891 37.6839 37.69875 37.71346 37.72803 37.74247 37.75677 37.77094 37.78496 37.79885 37.8126
36.61463 36.63656 36.65837 36.68004 36.70158 36.72299 36.74427 36.76541 36.78643 36.8073 36.82805 36.84867 36.86915 36.8895 36.90972 36.92981 36.94976 36.96958 36.98927 37.00882 37.02824 37.04752 37.06667 37.08569 37.10458 37.12333 37.14194 37.16043 37.17878 37.19699 37.21507 37.23302 37.25083 37.26851 37.28605 37.30346 37.32073 37.33787 37.35487 37.37174 37.38847 37.40507 37.42153 37.43785 37.45404 37.4701 37.48602 37.5018 37.51745 37.53296 37.54834 37.56358 37.57868 37.59364 37.60847 37.62317 37.63773 37.65215 37.66643 37.68058 37.69459 37.70846 37.72219
36.52548 36.54739 36.56917 36.59082 36.61234 36.63372 36.65497 36.67609 36.69708 36.71794 36.73866 36.75925 36.77972 36.80004 36.82024 36.8403 36.86023 36.88002 36.89969 36.91922 36.93861 36.95788 36.97701 36.99601 37.01487 37.0336 37.05219 37.07066 37.08898 37.10718 37.12524 37.14316 37.16095 37.17861 37.19613 37.21352 37.23077 37.24789 37.26487 37.28172 37.29843 37.31501 37.33145 37.34776 37.36393 37.37996 37.39586 37.41162 37.42725 37.44275 37.4581 37.47333 37.48841 37.50336 37.51817 37.53285 37.54739 37.56179 37.57606 37.59019 37.60418 37.61804 37.63176
36.43629 36.45818 36.47993 36.50156 36.52305 36.54441 36.56564 36.58674 36.6077 36.62854 36.64924 36.66981 36.69024 36.71054 36.73072 36.75076 36.77066 36.79044 36.81008 36.82959 36.84896 36.8682 36.88731 36.90628 36.92513 36.94383 36.96241 36.98085 36.99915 37.01733 37.03536 37.05327 37.07104 37.08867 37.10617 37.12354 37.14077 37.15787 37.17483 37.19166 37.20835 37.22491 37.24133 37.25762 37.27377 37.28979 37.30567 37.32142 37.33703 37.3525 37.36784 37.38305 37.39811 37.41304 37.42784 37.4425 37.45702 37.47141 37.48565 37.49977 37.51374 37.52758 37.54129
36.34707 36.36893 36.39067 36.41227 36.43373 36.45507 36.47627 36.49734 36.51829 36.5391 36.55978 36.58032 36.60073 36.62101 36.64116 36.66118 36.68106 36.70081 36.72043 36.73992 36.75927 36.77849 36.79757 36.81653 36.83535 36.85403 36.87259 36.891 36.90929 36.92744 36.94546 36.96334 36.98109 36.9987 37.01619 37.03353 37.05074 37.06782 37.08476 37.10157 37.11824 37.13478 37.15119 37.16746 37.18359 37.19959 37.21545 37.23118 37.24677 37.26223 37.27755 37.29273 37.30778 37.32269 37.33747 37.35211 37.36662 37.38099 37.39522 37.40932 37.42327 37.4371 37.45079
36.25782 36.27966 36.30136 36.32293 36.34438 36.36569 36.38687 36.40792 36.42884 36.44962 36.47028 36.4908 36.51119 36.53145 36.55157 36.57157 36.59143 36.61116 36.63075 36.65022 36.66954 36.68874 36.70781 36.72673 36.74553 36.7642 36.78273 36.80112 36.81939 36.83752 36.85552 36.87338 36.89111 36.9087 36.92616 36.94349 36.96068 36.97774 36.99466 37.01145 37.02811 37.04462 37.06101 37.07726 37.09337 37.10935 37.12519 37.1409 37.15648 37.17192 37.18722 37.20238 37.21742 37.23232 37.24707 37.2617 37.27618 37.29054 37.30475 37.31883 37.33278 37.34658 37.36026
36.16852 36.19033 36.21202 36.23357 36.25499 36.27628 36.29743 36.31846 36.33935 36.36012 36.38074 36.40124 36.42161 36.44184 36.46195 36.48192 36.50175 36.52146 36.54103 36.56047 36.57978 36.59896 36.618 36.63691 36.65569 36.67433 36.69284 36.71122 36.72946 36.74757 36.76554 36.78339 36.80109 36.81867 36.83611 36.85341 36.87059 36.88762 36.90453 36.9213 36.93793 36.95443 36.97079 36.98703 37.00312 37.01908 37.03491 37.0506 37.06615 37.08157 37.09686 37.11201 37.12702 37.1419 37.15664 37.17125 37.18572 37.20006 37.21426 37.22832 37.24224 37.25603 37.26969
36.07919 36.10098 36.12264 36.14417 36.16556 36.18682 36.20796 36.22896 36.24983 36.27057 36.29118 36.31165 36.33199 36.35221 36.37229 36.39223 36.41205 36.43173 36.45128 36.4707 36.48999 36.50914 36.52816 36.54705 36.5658 36.58443 36.60291 36.62127 36.63949 36.65758 36.67554 36.69336 36.71104 36.7286 36.74602 36.76331 36.78046 36.79747 36.81436 36.83111 36.84772 36.8642 36.88055 36.89676 36.91284 36.92878 36.94459 36.96026 36.9758 36.9912 37.00647 37.0216 37.03659 37.05146 37.06618 37.08077 37.09523 37.10954 37.12373 37.13777 37.15168 37.16546 37.1791
35.98983 36.01159 36.03322 36.05472 36.0761 36.09734 36.11845 36.13942 36.16027 36.18098 36.20157 36.22202 36.24234 36.26253 36.28259 36.30251 36.32231 36.34197 36.3615 36.38089 36.40016 36.41929 36.43829 36.45715 36.47589 36.49449 36.51295 36.53129 36.54949 36.56756 36.58549 36.60329 36.62096 36.6385 36.6559 36.67316 36.6903 36.70729 36.72416 36.74089 36.75748 36.77394 36.79027 36.80647 36.82253 36.83845 36.85424 36.86989 36.88541 36.90079 36.91604 36.93116 36.94614 36.96098 36.97569 36.99026 37.0047 37.019 37.03316 37.0472 37.06109 37.07485 37.08847
35.90042 35.92216 35.94377 35.96525 35.9866 36.00781 36.0289 36.04985 36.07067 36.09137 36.11193 36.13236 36.15266 36.17282 36.19286 36.21276 36.23253 36.25217 36.27168 36.29105 36.31029 36.3294 36.34838 36.36723 36.38594 36.40451 36.42296 36.44128 36.45946 36.4775 36.49542 36.5132 36.53085 36.54836 36.56574 36.58298 36.6001 36.61708 36.63392 36.65063 36.66721 36.68365 36.69996 36.71614 36.73217 36.74808 36.76385 36.77949 36.79499 36.81035 36.82558 36.84068 36.85564 36.87047 36.88516 36.89972 36.91413 36.92842 36.94257 36.95658 36.97046 36.9842 36.99781
