REKUR/basedata/North-Europe.asc
ncols         590
nrows         258
xllcorner     -2864291
yllcorner     200792
cellsize      10000
NODATA_value  -9999
[rows 56 to 83 of 258, columns 0 to 62 of 590]
43.57125 43.6147 43.65802 43.70123 43.74431 43.78727 43.83011 43.87283 43.91542 43.95789 44.00023 44.04245 44.08455 44.12653 44.16838 44.21011 44.25171 44.29319 44.33454 44.37576 44.41686 44.45784 44.49868 44.53941 44.58 44.62047 44.66081 44.70103 44.74111 44.78107 44.8209 44.8606 44.90018 44.93962 44.97894 45.01812 45.05718 45.09611 45.1349 45.17357 45.2121 45.25051 45.28878 45.32693 45.36494 45.40282 45.44057 45.47818 45.51567 45.55302 45.59024 45.62732 45.66427 45.70109 45.73777 45.77432 45.81073 45.84702 45.88316 45.91917 45.95504 45.99078 46.02639
43.49257 43.53596 43.57924 43.62238 43.66541 43.70832 43.7511 43.79376 43.83629 43.87871 43.921 43.96317 44.00521 44.04713 44.08892 44.1306 44.17214 44.21356 44.25486 44.29603 44.33707 44.37799 44.41879 44.45945 44.5 44.54041 44.5807 44.62085 44.66088 44.70079 44.74057 44.78021 44.81973 44.85912 44.89838 44.93752 44.97652 45.01539 45.05413 45.09275 45.13123 45.16958 45.2078 45.24589 45.28385 45.32167 45.35937 45.39693 45.43436 45.47166 45.50882 45.54585 45.58275 45.61952 45.65615 45.69264 45.72901 45.76523 45.80133 45.83728 45.87311 45.90879 45.94434
43.41385 43.45718 43.5004 43.54349 43.58646 43.62931 43.67204 43.71464 43.75712 43.79948 43.84172 43.88383 43.92582 43.96768 44.00942 44.05104 44.09253 44.13389 44.17513 44.21625 44.25724 44.2981 44.33884 44.37946 44.41994 44.4603 44.50053 44.54064 44.58061 44.62046 44.66018 44.69978 44.73924 44.77858 44.81778 44.85686 44.89581 44.93463 44.97332 45.01188 45.05031 45.0886 45.12677 45.16481 45.20271 45.24049 45.27813 45.31564 45.35301 45.39026 45.42737 45.46435 45.50119 45.53791 45.57448 45.61093 45.64724 45.68341 45.71945 45.75536 45.79113 45.82676 45.86226
43.33507 43.37835 43.42151 43.46455 43.50746 43.55025 43.59293 43.63548 43.6779 43.7202 43.76238 43.80444 43.84637 43.88818 43.92987 43.97143 44.01287 44.05418 44.09536 44.13643 44.17736 44.21817 44.25885 44.29941 44.33984 44.38015 44.42032 44.46037 44.5003 44.54009 44.57976 44.6193 44.65871 44.69799 44.73714 44.77617 44.81506 44.85383 44.89246 44.93097 44.96935 45.00759 45.0457 45.08368 45.12154 45.15926 45.19684 45.2343 45.27163 45.30882 45.34587 45.3828 45.41959 45.45625 45.49278 45.52917 45.56543 45.60155 45.63754 45.67339 45.70911 45.74469 45.78014
43.25624 43.29947 43.34257 43.38555 43.42841 43.47115 43.51377 43.55626 43.59863 43.64088 43.683 43.72501 43.76688 43.80864 43.85027 43.89177 43.93316 43.97441 44.01554 44.05655 44.09743 44.13819 44.17881 44.21932 44.2597 44.29995 44.34007 44.38007 44.41993 44.45967 44.49929 44.53877 44.57813 44.61736 44.65646 44.69543 44.73427 44.77298 44.81156 44.85001 44.88834 44.92653 44.96459 45.00252 45.04032 45.07798 45.11552 45.15292 45.19019 45.22733 45.26434 45.30121 45.33795 45.37456 45.41103 45.44737 45.48358 45.51965 45.55559 45.59139 45.62706 45.66259 45.69798
43.17736 43.22053 43.26358 43.30651 43.34931 43.39199 43.43456 43.47699 43.51931 43.5615 43.60357 43.64552 43.68734 43.72905 43.77062 43.81207 43.8534 43.8946 43.93568 43.97663 44.01746 44.05816 44.09873 44.13918 44.1795 44.2197 44.25977 44.29971 44.33953 44.37921 44.41877 44.4582 44.49751 44.53668 44.57573 44.61464 44.65343 44.69209 44.73062 44.76902 44.80729 44.84542 44.88343 44.92131 44.95906 44.99667 45.03415 45.0715 45.10872 45.14581 45.18276 45.21959 45.25627 45.29283 45.32925 45.36554 45.40169 45.43771 45.47359 45.50935 45.54496 45.58044 45.61579
43.09843 43.14154 43.18454 43.22741 43.27016 43.31279 43.3553 43.39768 43.43994 43.48208 43.5241 43.56599 43.60776 43.6494 43.69092 43.73232 43.77359 43.81474 43.85576 43.89666 43.93744 43.97808 44.0186 44.059 44.09927 44.13941 44.17942 44.21931 44.25907 44.29871 44.33821 44.37759 44.41684 44.45596 44.49495 44.53382 44.57255 44.61116 44.64963 44.68798 44.72619 44.76428 44.80223 44.84006 44.87775 44.91531 44.95274 44.99004 45.02721 45.06424 45.10115 45.13792 45.17455 45.21106 45.24743 45.28366 45.31976 45.35573 45.39156 45.42727 45.46283 45.49826 45.53355
43.01945 43.06251 43.10545 43.14827 43.19096 43.23354 43.27599 43.31832 43.36052 43.40261 43.44457 43.48641 43.52812 43.56971 43.61118 43.65252 43.69374 43.73483 43.7758 43.81665 43.85736 43.89796 43.93843 43.97877 44.01898 44.05907 44.09903 44.13887 44.17857 44.21815 44.25761 44.29693 44.33613 44.37519 44.41413 44.45295 44.49163 44.53018 44.5686 44.6069 44.64506 44.68309 44.72099 44.75877 44.79641 44.83392 44.87129 44.90854 44.94566 44.98264 45.01949 45.05621 45.09279 45.12924 45.16556 45.20174 45.23779 45.27371 45.30949 45.34514 45.38066 45.41603 45.45128
42.94042 42.98342 43.02631 43.06907 43.11171 43.15423 43.19663 43.2389 43.28106 43.32309 43.36499 43.40678 43.44844 43.48997 43.53139 43.57268 43.61384 43.65488 43.69579 43.73658 43.77725 43.81779 43.8582 43.89849 43.93865 43.97869 44.01859 44.05838 44.09803 44.13756 44.17696 44.21623 44.25537 44.29438 44.33327 44.37203 44.41066 44.44916 44.48753 44.52577 44.56388 44.60186 44.63971 44.67743 44.71502 44.75248 44.7898 44.827 44.86406 44.90099 44.93779 44.97445 45.01099 45.04739 45.08365 45.11979 45.15579 45.19165 45.22738 45.26298 45.29844 45.33377 45.36897
42.86134 42.90429 42.94712 42.98983 43.03241 43.07488 43.11722 43.15944 43.20154 43.24352 43.28537 43.3271 43.36871 43.41019 43.45155 43.49278 43.53389 43.57488 43.61574 43.65648 43.69709 43.73757 43.77793 43.81817 43.85828 43.89826 43.93811 43.97784 44.01744 44.05692 44.09626 44.13548 44.17457 44.21353 44.25237 44.29107 44.32965 44.3681 44.40641 44.4446 44.48266 44.52059 44.55838 44.59605 44.63359 44.67099 44.70827 44.74541 44.78242 44.8193 44.85605 44.89266 44.92914 44.96549 45.00171 45.03779 45.07374 45.10955 45.14524 45.18078 45.21619 45.25147 45.28661
42.7822 42.8251 42.86787 42.91053 42.95306 42.99548 43.03776 43.07993 43.12197 43.1639 43.2057 43.24737 43.28893 43.33035 43.37166 43.41284 43.4539 43.49483 43.53564 43.57632 43.61688 43.65731 43.69762 43.7378 43.77785 43.81778 43.85758 43.89726 43.93681 43.97623 44.01552 44.05469 44.09372 44.13263 44.17142 44.21007 44.24859 44.28699 44.32525 44.36339 44.40139 44.43927 44.47702 44.51463 44.55212 44.58947 44.62669 44.66378 44.70074 44.73757 44.77427 44.81083 44.84726 44.88356 44.91972 44.95575 44.99165 45.02742 45.06305 45.09854 45.1339 45.16913 45.20422
42.70302 42.74586 42.78859 42.83118 42.87366 42.91602 42.95826 43.00037 43.04236 43.08423 43.12597 43.16759 43.2091 43.25047 43.29172 43.33285 43.37386 43.41473 43.45549 43.49612 43.53662 43.577 43.61726 43.65738 43.69738 43.73726 43.77701 43.81663 43.85613 43.8955 43.93473 43.97385 44.01284 44.05169 44.09042 44.12902 44.16749 44.20584 44.24405 44.28213 44.32009 44.35791 44.39561 44.43317 44.4706 44.5079 44.54507 44.58212 44.61902 44.6558 44.69244 44.72895 44.76534 44.80158 44.8377 44.87368 44.90953 44.94524 44.98082 45.01627 45.05157 45.08675 45.1218
42.62379 42.66658 42.70924 42.75179 42.79422 42.83652 42.8787 42.92076 42.9627 43.00451 43.0462 43.08777 43.12922 43.17054 43.21174 43.25282 43.29377 43.33459 43.37529 43.41587 43.45632 43.49665 43.53685 43.57692 43.61687 43.65669 43.69639 43.73596 43.7754 43.81472 43.8539 43.89297 43.9319 43.97071 44.00938 44.04793 44.08635 44.12464 44.1628 44.20083 44.23874 44.27651 44.31415 44.35167 44.38905 44.4263 44.46342 44.5004 44.53726 44.57399 44.61058 44.64704 44.68337 44.71957 44.75563 44.79156 44.82736 44.86302 44.89855 44.93395 44.96921 45.00433 45.03933
42.5445 42.58724 42.62985 42.67234 42.71472 42.75697 42.7991 42.8411 42.88298 42.92475 42.96638 43.0079 43.04929 43.09056 43.13171 43.17273 43.21363 43.2544 43.29505 43.33557 43.37597 43.41624 43.45639 43.49641 43.53631 43.57608 43.61573 43.65524 43.69463 43.73389 43.77303 43.81204 43.85092 43.88968 43.9283 43.9668 44.00517 44.0434 44.08151 44.11949 44.15734 44.19506 44.23265 44.27011 44.30745 44.34465 44.38171 44.41865 44.45546 44.49213 44.52868 44.56509 44.60136 44.63751 44.67352 44.7094 44.74515 44.78077 44.81625 44.85159 44.8868 44.92188 44.95682
42.46517 42.50785 42.55041 42.59285 42.63517 42.67736 42.71944 42.76139 42.80322 42.84493 42.88652 42.92798 42.96932 43.01054 43.05163 43.0926 43.13344 43.17416 43.21476 43.25523 43.29557 43.3358 43.37589 43.41586 43.4557 43.49542 43.53502 43.57448 43.61382 43.65303 43.69211 43.73107 43.7699 43.8086 43.84717 43.88562 43.92393 43.96212 44.00018 44.03811 44.07591 44.11358 44.15112 44.18853 44.22581 44.26295 44.29997 44.33686 44.37362 44.41024 44.44673 44.48309 44.51932 44.55542 44.59138 44.62721 44.66291 44.69847 44.7339 44.7692 44.80436 44.83938 44.87428
42.38578 42.42841 42.47092 42.51331 42.55557 42.59771 42.63974 42.68164 42.72342 42.76507 42.8066 42.84801 42.8893 42.93046 42.9715 43.01242 43.05321 43.09388 43.13442 43.17484 43.21513 43.2553 43.29535 43.33526 43.37505 43.41472 43.45426 43.49367 43.53296 43.57212 43.61115 43.65005 43.68883 43.72748 43.766 43.80439 43.84266 43.88079 43.9188 43.95668 43.99443 44.03205 44.06954 44.1069 44.14412 44.18122 44.21819 44.25502 44.29173 44.3283 44.36475 44.40105 44.43723 44.47328 44.50919 44.54497 44.58062 44.61613 44.65151 44.68676 44.72187 44.75685 44.79169
42.30635 42.34892 42.39138 42.43371 42.47593 42.51801 42.55998 42.60183 42.64355 42.68516 42.72664 42.76799 42.80923 42.85034 42.89133 42.93219 42.97293 43.01355 43.05404 43.0944 43.13464 43.17476 43.21475 43.25462 43.29435 43.33397 43.37346 43.41282 43.45205 43.49116 43.53014 43.56899 43.60772 43.64632 43.68479 43.72313 43.76134 43.79943 43.83738 43.87521 43.91291 43.95047 43.98792 44.02522 44.0624 44.09945 44.13636 44.17315 44.2098 44.24633 44.28272 44.31898 44.35511 44.3911 44.42696 44.4627 44.49829 44.53376 44.56909 44.60429 44.63935 44.67428 44.70907
42.22686 42.26939 42.31179 42.35407 42.39622 42.43826 42.48018 42.52198 42.56365 42.6052 42.64663 42.68793 42.72911 42.77017 42.8111 42.85191 42.8926 42.93317 42.9736 43.01392 43.05411 43.09417 43.13411 43.17392 43.21361 43.25317 43.29261 43.33192 43.3711 43.41016 43.44909 43.48789 43.52656 43.56511 43.60353 43.64182 43.67998 43.71801 43.75592 43.7937 43.83134 43.86886 43.90625 43.9435 43.98063 44.01763 44.0545 44.09123 44.12783 44.16431 44.20065 44.23686 44.27294 44.30888 44.3447 44.38038 44.41593 44.45134 44.48662 44.52177 44.55679 44.59166 44.62641
42.14733 42.1898 42.23214 42.27437 42.31648 42.35847 42.40033 42.44207 42.48369 42.52519 42.56656 42.60781 42.64894 42.68995 42.73083 42.77159 42.81223 42.85274 42.89312 42.93339 42.97353 43.01354 43.05342 43.09319 43.13282 43.17233 43.21172 43.25098 43.29011 43.32911 43.36799 43.40674 43.44536 43.48386 43.52222 43.56047 43.59858 43.63656 43.67442 43.71214 43.74974 43.7872 43.82454 43.86175 43.89882 43.93577 43.97259 44.00927 44.04583 44.08225 44.11854 44.1547 44.19073 44.22663 44.26239 44.29802 44.33352 44.36889 44.40412 44.43922 44.47418 44.50901 44.54371
42.06774 42.11016 42.15245 42.19463 42.23668 42.27862 42.32043 42.36212 42.40369 42.44513 42.48645 42.52765 42.56873 42.60968 42.65052 42.69122 42.7318 42.77226 42.8126 42.85281 42.89289 42.93286 42.97269 43.0124 43.05199 43.09145 43.13078 43.16999 43.20906 43.24802 43.28685 43.32555 43.36412 43.40256 43.44088 43.47907 43.51713 43.55506 43.59286 43.63054 43.66809 43.7055 43.74279 43.77995 43.81697 43.85387 43.89064 43.92727 43.96378 44.00015 44.03639 44.0725 44.10848 44.14433 44.18004 44.21563 44.25108 44.28639 44.32158 44.35662 44.39154 44.42632 44.46097
41.98811 42.03047 42.07271 42.11484 42.15684 42.19872 42.24048 42.28212 42.32363 42.36502 42.4063 42.44744 42.48847 42.52937 42.57015 42.61081 42.65134 42.69174 42.73203 42.77219 42.81222 42.85213 42.89191 42.93157 42.97111 43.01051 43.0498 43.08895 43.12798 43.16688 43.20566 43.24431 43.28283 43.32122 43.35949 43.39763 43.43564 43.47352 43.51127 43.5489 43.58639 43.62376 43.661 43.6981 43.73508 43.77193 43.80864 43.84523 43.88168 43.91801 43.9542 43.99026 44.02619 44.06199 44.09766 44.13319 44.16859 44.20386 44.23899 44.27399 44.30886 44.3436 44.3782
41.90842 41.95073 41.99292 42.03499 42.07694 42.11877 42.16048 42.20206 42.24353 42.28487 42.32609 42.36718 42.40816 42.44901 42.48973 42.53034 42.57082 42.61118 42.65141 42.69151 42.7315 42.77135 42.81109 42.8507 42.89018 42.92953 42.96877 43.00787 43.04685 43.0857 43.12443 43.16302 43.2015 43.23984 43.27805 43.31614 43.3541 43.39193 43.42964 43.46721 43.50466 43.54197 43.57916 43.61621 43.65314 43.68994 43.72661 43.76315 43.79955 43.83583 43.87197 43.90798 43.94386 43.97961 44.01523 44.05071 44.08606 44.12128 44.15637 44.19132 44.22614 44.26083 44.29538
41.82868 41.87094 41.91308 41.9551 41.997 42.03878 42.08043 42.12197 42.16338 42.20467 42.24583 42.28688 42.3278 42.3686 42.40928 42.44983 42.49026 42.53056 42.57074 42.6108 42.65073 42.69054 42.73022 42.76978 42.80921 42.84851 42.88769 42.92675 42.96568 43.00447 43.04315 43.0817 43.12012 43.15841 43.19658 43.23462 43.27252 43.31031 43.34796 43.38548 43.42288 43.46014 43.49728 43.53429 43.57117 43.60791 43.64453 43.68102 43.71738 43.7536 43.7897 43.82566 43.86149 43.89719 43.93276 43.96819 44.0035 44.03867 44.07371 44.10861 44.14338 44.17802 44.21253
41.74889 41.7911 41.83319 41.87516 41.91701 41.95873 42.00034 42.04182 42.08318 42.12442 42.16553 42.20652 42.24739 42.28814 42.32877 42.36927 42.40965 42.4499 42.49003 42.53003 42.56991 42.60967 42.6493 42.68881 42.72819 42.76744 42.80657 42.84558 42.88445 42.9232 42.96183 43.00032 43.0387 43.07694 43.11506 43.15304 43.1909 43.22863 43.26624 43.30371 43.34106 43.37827 43.41536 43.45232 43.48915 43.52584 43.56241 43.59885 43.63516 43.67134 43.70738 43.7433 43.77908 43.81473 43.85025 43.88564 43.92089 43.95602 43.991 44.02586 44.06059 44.09518 44.12963
41.66906 41.71122 41.75325 41.79517 41.83696 41.87864 41.92019 41.96162 42.00293 42.04412 42.08518 42.12612 42.16694 42.20764 42.24821 42.28866 42.32899 42.36919 42.40927 42.44922 42.48905 42.52876 42.56834 42.60779 42.64713 42.68633 42.72541 42.76436 42.80319 42.84189 42.88046 42.91891 42.95723 42.99542 43.03349 43.07143 43.10923 43.14692 43.18447 43.2219 43.25919 43.29636 43.3334 43.37031 43.40709 43.44373 43.48026 43.51664 43.5529 43.58903 43.62503 43.66089 43.69663 43.73223 43.7677 43.80304 43.83825 43.87332 43.90826 43.94307 43.97775 44.01229 44.0467
41.58917 41.63128 41.67326 41.71513 41.75687 41.79849 41.83999 41.88137 41.92263 41.96377 42.00478 42.04567 42.08644 42.12708 42.16761 42.20801 42.24828 42.28843 42.32846 42.36837 42.40815 42.4478 42.48733 42.52673 42.56601 42.60517 42.6442 42.6831 42.72187 42.76052 42.79905 42.83745 42.87572 42.91386 42.95188 42.98977 43.02753 43.06516 43.10266 43.14004 43.17728 43.2144 43.25139 43.28825 43.32498 43.36158 43.39805 43.43439 43.4706 43.50668 43.54263 43.57845 43.61414 43.64969 43.68511 43.72041 43.75556 43.79059 43.82549 43.86024 43.89487 43.92937 43.96373
41.50924 41.55129 41.59322 41.63504 41.67673 41.7183 41.75975 41.80108 41.84229 41.88337 41.92433 41.96517 42.00589 42.04649 42.08696 42.1273 42.16753 42.20763 42.24761 42.28746 42.32719 42.36679 42.40627 42.44563 42.48486 42.52396 42.56294 42.60179 42.64052 42.67912 42.71759 42.75594 42.79416 42.83226 42.87022 42.90806 42.94577 42.98336 43.02081 43.05814 43.09533 43.1324 43.16934 43.20615 43.24284 43.27939 43.31581 43.3521 43.38826 43.42429 43.46019 43.49596 43.5316 43.56711 43.60248 43.63773 43.67284 43.70782 43.74266 43.77738 43.81196 43.84641 43.88072
41.42925 41.47125 41.51313 41.5549 41.59654 41.63806 41.67946 41.72073 41.76189 41.80293 41.84384 41.88462 41.92529 41.96584 42.00626 42.04655 42.08673 42.12678 42.16671 42.20651 42.24619 42.28574 42.32517 42.36448 42.40366 42.44271 42.48164 42.52044 42.55912 42.59767 42.63609 42.67439 42.71256 42.75061 42.78852 42.82631 42.86398 42.90151 42.93892 42.97619 43.01334 43.05036 43.08725 43.12402 43.16065 43.19715 43.23352 43.26977 43.30588 43.34187 43.37772 43.41344 43.44903 43.48449 43.51981 43.55501 43.59007 43.625 43.65981 43.69447 43.729 43.7634 43.79767
