REKUR/landusedata/lu_ackerland.asc
ncols 590
nrows 258
xllcorner -2864291
yllcorner     200792
cellsize      10000
NODATA_value  -9999
[rows 0 to 70 of 258, columns 288 to 383 of 590]
0 0 0 0 0 0 0 0 0 0 0 0 0 0 0 0 0 0 0 0 0 0 0 0 0 0 0 0 0 0 0 0 0 0 0 0 0 0 0 0 0 0 0 0 0 0 0 0 0 0 0 0 0 0 0 0 0 0 0 0 0 0 0 0 0 0 0 0 0 0 0 0 0 0 0 0 0 0 0 0 0 0 0 0 0 0 0 0 0 0 0 0 0 0 0 0
0 0 0 0 0 0 0 0 0 0 0 0 0 0 0 0 0 0 0 0 0 0 0 0 0 0 0 0 0 0 0 0 0 0 0 0 0 0 0 0 0 0 0 0 0 0 0 0 0 0 0 0 0 0 0 0 0 0 0 0 0 0 0 0 0 0 0 0 0 0 0 0 0 0 0 0 0 0 0 0 0 0 0 0 0 0 0 0 0 0 0 0 0 0 0 0
0 0 0 0 0 0 0 0 0 0 0 0 0 0 0 0 0 0 0 0 0 0 0 0 0 0 0 0 0 0 0 0 0 0 0 0 0 0 0 0 0 0 0 0 0 0 3 10 0 0 0 0 0 0 0 0 0 0 0 0 0 0 0 0 0 0 0 0 0 0 0 0 0 0 0 0 0 0 0 0 0 0 0 0 0 0 0 0 0 0 0 0 0 0 0 0
0 0 0 0 0 0 0 0 0 0 0 0 0 0 0 0 0 0 0 0 0 0 0 0 0 0 0 0 0 0 0 0 0 0 0 0 0 0 0 0 0 0 0 1 35 38 49 54 19 0 0 0 0 0 0 0 0 0 0 0 0 0 0 0 0 0 0 0 0 0 0 0 0 0 0 0 13 65 62 11 0 0 0 0 0 0 0 0 0 0 0 0 0 0 0 0
0 0 0 0 0 0 0 0 0 0 0 0 0 0 0 0 0 0 0 0 0 0 0 0 0 0 0 0 0 0 0 0 0 0 0 0 0 0 0 0 1 0 9 50 63 50 24 23 48 0 0 0 0 0 0 0 0 0 0 0 0 0 0 0 0 0 0 0 0 0 0 7 27 31 30 47 59 80 78 81 80 37 0 0 0 0 0 0 0 0 0 0 0 0 0 0
0 0 0 0 0 0 0 0 0 0 0 0 0 0 0 0 0 0 0 0 0 0 0 0 0 0 0 0 0 0 0 0 0 0 0 0 0 0 0 11 45 46 46 57 57 22 48 28 12 6 0 0 0 0 0 0 0 7 23 18 11 14 9 22 26 30 31 37 33 37 76 65 50 70 72 73 80 86 87 75 56 76 27 0 0 0 0 0 0 0 0 0 0 0 0 0
0 0 0 0 0 0 0 0 0 0 0 0 0 0 0 14 0 0 0 0 0 0 0 0 0 0 0 0 0 0 0 0 0 0 0 0 0 5 53 45 59 75 76 25 18 41 61 63 61 2 0 0 0 0 0 3 1 47 77 80 79 70 73 59 85 82 63 80 86 62 56 56 49 15 74 87 73 92 74 36 36 36 9 0 0 0 0 0 0 0 0 0 0 0 0 0
0 0 0 0 0 0 0 0 0 0 0 0 0 0 17 43 11 3 0 0 0 0 0 0 0 0 0 0 0 0 0 0 0 0 0 13 63 80 68 46 68 62 64 28 41 49 60 72 78 35 26 40 40 54 27 15 46 49 61 82 72 60 65 90 77 81 85 92 94 68 27 75 60 41 56 72 77 81 60 25 17 16 2 0 0 0 0 0 0 0 0 0 0 0 0 0
5 0 0 0 0 0 0 0 0 0 0 0 0 0 36 50 35 7 0 0 0 0 0 0 0 0 0 0 0 0 0 0 0 0 0 32 53 46 70 54 28 42 36 32 77 82 75 42 45 56 77 99 88 92 95 62 78 64 70 71 62 46 55 78 82 83 89 75 83 52 66 53 59 62 59 77 73 67 86 14 3 3 11 8 0 0 0 0 0 0 0 0 0 0 0 0
63 66 0 0 0 0 0 0 0 0 1 0 10 13 40 69 32 4 0 0 0 0 0 0 0 0 0 0 0 0 0 0 0 0 27 58 58 47 18 34 60 33 35 40 37 68 47 66 52 63 82 90 94 96 87 71 64 80 73 77 70 87 35 53 87 59 63 71 77 60 57 60 57 62 70 50 67 68 89 48 20 20 41 53 0 0 0 0 0 0 0 0 0 0 0 0
37 5 2 0 0 0 0 0 0 10 33 56 60 51 68 68 32 22 0 0 0 0 0 0 0 0 0 0 0 0 0 15 54 56 28 34 51 28 49 10 12 36 57 57 24 22 64 73 70 69 69 64 99 84 93 76 70 87 65 67 73 81 66 88 67 49 55 60 67 74 56 36 34 18 52 55 53 53 66 24 38 74 74 76 22 0 0 0 0 0 0 0 0 0 0 0
51 0 0 0 0 0 0 0 2 33 77 75 61 52 61 48 1 0 1 0 0 0 0 0 0 0 0 0 1 16 36 77 73 65 56 16 34 44 36 23 26 64 40 15 22 28 17 72 66 71 52 92 60 83 87 84 96 83 57 65 57 73 56 46 52 41 69 54 72 18 9 9 18 3 51 75 58 31 7 6 36 80 56 67 55 0 0 0 0 0 0 0 0 0 0 0
27 0 0 0 9 8 25 12 47 50 56 70 62 65 72 41 18 35 16 0 0 0 0 0 0 0 7 43 44 71 64 70 68 50 37 22 30 47 28 47 45 35 42 7 32 28 17 10 45 79 80 82 64 73 87 70 41 70 68 13 22 50 37 43 52 42 63 36 23 16 21 2 16 48 50 67 52 17 12 55 56 79 49 62 62 26 0 0 0 0 0 0 0 0 0 0
0 0 0 0 64 63 57 37 70 61 65 40 72 83 84 67 42 43 49 12 2 0 0 1 13 41 38 63 75 72 48 56 60 42 41 32 51 41 31 64 34 2 32 5 39 25 45 23 12 39 81 79 73 65 57 72 40 20 40 28 49 14 23 12 15 59 48 32 35 11 7 4 8 53 68 61 50 14 51 80 75 76 31 65 70 70 4 0 0 0 0 0 0 0 0 0
47 26 18 58 79 84 81 73 69 55 74 69 60 55 69 84 88 66 64 27 22 5 4 10 59 52 55 56 60 43 29 46 34 66 37 41 58 41 43 27 8 41 40 15 27 14 15 13 18 12 30 71 54 71 68 83 82 41 59 88 63 44 50 6 4 33 11 27 38 36 22 21 24 76 62 82 70 13 48 57 33 12 20 0 10 40 20 0 0 0 0 0 0 0 0 0
82 74 62 64 63 69 77 70 56 72 77 75 52 66 72 82 78 72 34 21 12 3 4 7 44 31 54 33 56 54 51 62 67 75 44 55 67 53 39 6 50 41 41 75 90 61 17 14 22 21 7 75 44 76 95 84 66 37 60 79 79 80 64 35 4 6 11 21 24 37 23 14 27 50 67 59 71 24 16 39 35 40 40 4 19 18 22 4 0 0 0 0 0 0 0 0
80 81 88 64 52 59 43 63 35 71 58 42 41 78 86 59 64 65 66 16 12 3 4 1 8 18 26 63 53 56 53 66 57 60 63 42 35 42 66 55 55 72 77 70 87 77 35 34 44 40 45 44 53 87 90 87 38 80 78 85 74 80 85 73 38 27 22 23 33 30 31 26 20 50 52 71 76 14 46 70 56 43 43 44 15 27 31 35 0 0 0 0 0 0 0 0
76 81 79 49 65 50 66 65 56 70 65 49 74 68 82 70 73 58 34 39 3 6 3 11 8 13 29 64 75 63 66 46 76 28 39 54 37 0 5 47 30 68 58 49 72 83 26 52 69 68 74 67 59 95 93 84 33 62 98 60 45 65 71 63 74 18 46 31 20 27 34 24 32 64 75 53 38 56 79 63 40 60 70 52 50 26 26 18 0 0 0 0 0 0 0 0
73 83 40 35 35 47 57 36 20 31 58 71 56 84 76 49 70 86 61 39 20 8 28 20 7 26 44 67 70 53 62 30 48 53 38 31 10 28 59 43 64 67 30 53 75 90 47 53 98 78 80 93 96 84 82 92 72 63 57 30 67 62 52 56 59 55 61 33 30 23 18 44 55 56 67 30 64 59 62 76 63 44 52 36 33 45 17 7 0 0 0 0 0 0 0 0
61 75 59 41 49 76 70 72 55 25 28 30 50 74 60 52 85 82 82 80 71 48 57 30 10 12 27 87 70 70 45 12 0 19 28 26 60 12 0 32 75 45 45 69 75 84 90 20 88 76 97 95 93 78 91 49 71 94 51 12 66 62 42 61 77 90 86 67 47 70 41 42 51 73 61 43 85 82 80 84 70 54 60 63 80 76 2 8 0 0 0 0 0 0 0 0
63 51 33 51 38 43 71 74 53 44 77 17 5 20 32 64 61 64 89 80 95 75 85 71 17 18 48 66 83 68 62 22 18 38 42 47 28 52 36 11 65 77 85 92 87 88 60 17 48 44 92 99 84 73 62 85 92 86 62 54 61 53 42 63 63 90 97 93 71 48 71 49 75 55 45 87 88 94 84 55 56 59 62 72 70 32 0 0 0 0 0 0 0 0 0 0
46 47 62 44 27 59 62 49 64 68 65 62 36 24 8 26 39 66 69 62 96 75 86 48 70 66 48 92 59 49 53 53 36 10 9 45 50 94 48 3 49 78 61 38 50 24 32 8 18 41 42 19 55 83 95 95 80 62 44 68 47 63 54 51 56 74 97 98 93 69 55 64 28 36 25 74 54 73 68 56 44 52 55 50 32 14 1 0 0 0 0 0 0 0 0 0
39 30 61 46 56 71 70 79 89 72 39 29 35 33 8 24 10 44 66 61 86 48 59 37 58 86 83 69 64 67 80 60 8 7 18 26 5 56 16 33 29 21 27 68 60 39 34 32 21 32 10 10 22 41 62 90 80 45 59 79 74 52 58 69 45 77 87 96 83 50 70 29 30 24 21 34 44 52 60 66 77 55 39 45 32 4 0 0 0 0 0 0 0 0 0 0
37 47 34 33 62 63 73 72 72 53 51 21 37 7 15 22 35 28 33 55 74 69 35 30 67 67 78 80 70 76 72 32 53 19 23 27 27 41 38 16 43 56 93 92 85 81 67 76 91 94 78 78 78 76 30 64 71 53 78 84 88 92 87 78 79 51 71 90 83 53 73 56 36 27 44 38 64 79 65 72 88 69 50 47 32 0 0 0 0 0 0 0 0 0 0 0
60 60 29 37 30 42 46 76 71 54 37 18 22 28 61 63 24 10 16 23 66 62 39 48 64 58 60 66 55 17 68 63 43 12 22 20 31 42 72 35 81 60 58 89 96 92 70 70 78 77 86 80 92 98 53 62 90 88 87 95 86 95 91 96 86 72 66 79 81 50 74 53 47 62 60 52 70 71 76 68 60 54 34 16 3 0 0 0 0 0 0 0 0 0 0 0
77 81 50 17 59 51 37 48 69 73 52 51 37 40 61 66 51 18 9 43 35 45 69 63 46 50 62 48 10 5 18 44 24 30 33 3 4 22 66 61 83 64 67 72 77 77 68 87 87 97 80 91 95 94 68 8 32 27 52 60 91 97 92 97 75 86 81 33 46 37 66 69 71 53 90 69 73 77 88 77 72 64 56 46 34 9 4 0 0 0 0 0 0 0 0 0
47 56 68 47 62 56 72 33 36 68 71 70 62 36 8 40 35 28 17 6 34 71 35 23 77 34 25 37 53 53 38 25 5 12 3 4 40 41 25 22 44 61 38 88 87 54 56 91 85 70 76 93 90 94 93 81 47 25 22 36 62 72 81 88 93 75 48 46 28 38 54 59 50 65 89 77 70 65 56 59 74 75 72 76 63 70 48 20 0 0 0 0 0 0 0 0
65 68 72 65 80 69 82 50 42 55 39 50 72 43 44 22 30 11 45 71 45 66 82 58 40 55 27 30 59 53 37 8 20 21 24 61 74 65 85 91 55 60 34 88 92 74 76 85 76 60 83 96 64 84 91 86 90 94 45 47 76 77 62 48 39 12 20 22 16 9 6 31 66 66 63 50 58 74 58 60 69 74 66 68 49 50 33 49 2 0 0 0 0 0 0 0
64 68 55 57 79 79 77 44 28 47 33 64 70 48 36 15 32 47 78 55 26 80 56 93 67 23 14 50 17 5 19 36 51 48 68 71 74 87 79 86 44 37 50 68 55 78 97 58 60 85 84 61 67 80 90 88 82 86 90 77 82 96 93 88 75 74 87 76 38 8 37 38 59 63 60 43 53 57 48 67 69 56 43 17 50 57 49 49 0 0 0 0 0 0 0 0
70 45 40 59 60 77 54 55 24 29 24 40 75 76 21 3 0 18 45 35 65 30 67 77 88 69 40 28 28 44 60 30 31 28 17 63 83 83 86 73 32 20 80 84 55 73 97 62 86 58 49 50 72 74 91 82 89 84 78 95 90 92 96 84 86 90 75 57 54 56 57 22 40 65 67 64 63 38 30 55 54 47 36 34 57 46 48 60 0 0 0 0 0 0 0 0
34 69 39 8 9 56 56 57 52 53 37 70 51 62 21 7 0 2 4 14 16 76 71 69 77 68 71 44 38 9 45 46 34 22 18 39 56 75 90 67 53 46 85 92 90 91 91 85 92 64 49 66 56 51 87 90 96 95 68 67 72 68 43 63 50 51 57 69 73 49 48 39 32 50 67 69 76 73 74 73 72 52 60 70 56 64 51 38 0 0 0 0 0 0 0 0
81 61 53 29 16 48 40 54 33 44 18 45 50 26 3 32 35 65 13 12 12 17 17 56 40 19 17 37 17 22 50 56 60 43 42 50 47 69 88 80 44 48 63 87 71 55 66 42 50 73 66 48 65 72 74 70 62 68 83 72 61 68 61 54 50 59 76 51 47 66 57 20 35 43 60 78 68 56 60 79 49 53 70 55 73 63 37 57 0 0 0 0 0 0 0 0
62 52 46 32 46 67 62 44 43 49 34 59 23 5 28 48 46 64 37 25 36 28 63 19 9 64 31 15 9 5 25 70 53 56 61 51 60 79 63 72 83 81 56 57 72 68 79 52 31 68 72 43 68 46 76 75 74 76 52 80 63 73 72 82 87 53 50 27 14 38 44 26 57 33 62 79 73 66 66 84 63 65 62 50 53 53 40 38 20 1 0 0 0 0 0 0
33 70 90 93 76 47 45 43 30 44 28 26 27 40 47 37 52 21 6 9 21 33 65 61 22 24 35 32 21 12 22 40 67 42 39 50 56 44 62 67 79 81 78 62 69 50 74 81 48 45 57 46 81 65 67 56 71 60 54 56 83 73 75 85 74 63 64 14 21 51 44 44 51 47 49 46 61 70 45 39 48 47 61 35 28 28 28 21 16 9 0 0 0 0 0 0
71 76 93 92 41 54 93 62 46 27 38 65 47 48 30 30 27 26 8 12 28 48 50 29 26 58 43 18 36 28 31 30 38 56 20 28 38 50 62 83 70 59 68 73 89 88 91 82 79 89 86 66 78 65 63 78 61 71 56 9 51 56 53 74 58 80 79 51 35 49 50 51 68 32 51 54 44 38 73 82 59 67 60 59 47 43 48 50 50 18 0 0 0 0 0 0
81 76 86 94 90 56 62 85 67 33 21 37 75 65 40 37 31 16 35 43 28 37 30 14 6 37 43 12 23 18 33 16 22 43 33 39 60 45 68 42 84 90 89 73 87 94 61 65 94 79 61 95 91 73 44 59 74 65 69 59 62 78 69 40 33 61 50 30 62 86 88 67 40 33 38 86 91 35 76 60 74 56 59 88 79 80 76 61 48 63 11 0 0 0 0 0
72 90 92 88 91 89 77 62 70 33 35 47 50 76 54 67 69 63 66 65 54 36 53 41 34 25 50 23 42 15 40 47 45 38 26 36 50 72 51 46 68 59 90 85 71 74 75 73 61 83 69 80 94 93 58 58 67 58 38 59 79 81 60 37 25 28 37 60 74 69 76 50 70 70 55 87 67 54 89 87 90 63 55 88 65 72 77 80 51 54 55 20 0 0 0 0
65 92 74 85 78 77 89 67 33 30 53 62 68 71 54 55 54 32 28 60 47 53 56 38 23 40 17 17 39 49 47 82 77 65 79 71 36 51 79 68 70 57 80 72 54 50 52 52 42 63 60 40 56 64 80 72 76 65 70 68 89 55 43 28 59 70 59 35 63 63 70 71 74 78 77 70 47 51 88 97 95 59 75 85 89 69 67 70 76 57 60 39 5 0 0 0
36 64 87 81 98 84 92 80 74 38 20 19 69 77 63 39 49 36 50 50 28 48 34 44 30 44 12 37 50 50 40 71 67 72 47 80 77 70 60 36 56 59 41 53 38 47 31 25 24 52 79 36 44 71 66 80 62 47 31 59 74 70 46 56 67 49 60 23 18 54 74 82 68 49 71 56 45 49 65 70 91 82 95 73 82 80 74 78 74 73 70 46 47 15 0 0
28 10 32 82 87 91 93 89 83 29 31 34 30 61 65 48 49 27 51 30 36 24 40 22 30 45 24 29 41 36 10 36 42 15 23 52 37 46 70 64 80 70 61 26 25 56 41 45 36 50 73 49 62 66 65 66 69 60 28 20 59 55 31 55 56 47 33 18 22 14 31 41 51 59 87 75 73 35 61 90 86 90 91 85 87 87 60 63 70 80 80 84 55 12 0 0
20 35 36 56 84 93 85 85 87 56 68 71 41 60 60 72 79 44 23 20 10 11 18 32 15 12 7 4 10 14 2 1 10 1 17 35 53 47 77 31 57 54 79 67 27 37 27 53 50 49 79 48 82 79 62 64 42 62 53 52 39 57 57 40 32 28 24 21 38 11 27 21 31 11 37 59 66 48 56 66 65 87 82 77 83 86 79 68 78 77 87 87 85 27 0 0
61 62 80 84 78 75 71 39 91 62 87 87 71 78 30 67 64 77 69 75 20 24 14 41 22 22 21 31 25 10 20 8 21 35 49 57 40 49 56 50 61 52 60 74 92 61 68 71 63 54 69 70 72 85 83 44 60 68 69 71 59 67 72 51 25 52 48 53 38 29 44 71 83 86 52 47 67 51 57 83 79 86 76 70 69 77 70 63 68 78 68 60 80 61 0 0
62 60 84 55 81 94 84 49 71 33 16 72 56 81 73 89 68 82 71 67 34 40 52 53 49 36 35 35 59 30 31 38 46 82 79 89 71 62 85 62 54 60 39 39 68 61 67 90 86 74 69 98 69 56 72 51 67 31 27 28 25 32 44 35 38 35 44 64 28 48 75 47 60 83 93 94 91 61 25 24 38 48 66 80 71 42 28 56 73 83 88 83 91 87 0 0
68 71 62 64 74 85 61 67 88 53 22 68 67 91 67 91 95 92 93 70 33 56 73 91 80 85 77 54 69 67 68 79 67 74 74 85 81 88 96 94 85 82 55 22 55 49 48 43 54 46 74 72 70 76 84 71 66 56 76 75 47 33 46 23 28 49 37 50 35 30 38 44 81 63 94 68 31 57 56 31 6 14 7 10 16 28 25 40 49 59 65 87 88 67 0 0
90 86 80 63 75 75 74 77 72 70 48 70 69 71 88 88 97 94 58 31 45 59 58 69 64 59 79 72 51 83 63 70 60 67 70 50 47 84 88 88 80 83 88 95 88 47 36 32 49 33 10 45 52 48 55 61 58 60 53 70 47 38 35 38 42 61 54 54 64 58 45 47 43 61 70 69 21 45 42 32 53 49 32 27 40 23 11 39 52 51 75 59 10 0 0 0
87 87 92 94 92 77 95 90 74 68 50 74 86 79 74 85 73 91 89 34 8 67 73 45 17 28 62 71 65 34 28 71 74 70 57 60 62 78 83 84 83 77 95 94 97 89 70 58 49 16 16 31 18 36 44 24 16 38 52 38 42 41 46 44 62 57 78 72 54 62 65 61 54 45 48 62 57 42 18 23 19 48 55 54 85 82 43 0 32 54 34 12 0 0 0 0
48 90 58 94 78 57 79 73 80 91 80 68 84 80 75 73 77 77 37 50 50 65 37 39 6 0 46 59 33 0 0 12 22 57 53 40 59 62 58 70 90 65 94 93 92 90 95 90 72 64 47 18 21 40 58 52 48 45 58 41 42 58 64 60 66 73 77 86 42 60 67 65 70 53 58 87 56 20 40 31 59 37 63 51 48 40 64 53 32 41 16 0 0 0 0 0
75 51 41 78 39 56 37 55 62 91 91 88 87 64 55 63 71 60 85 65 49 60 18 3 0 0 2 6 0 0 0 0 0 5 23 23 67 49 40 47 68 77 84 87 72 80 76 74 41 67 32 31 23 9 8 4 3 12 42 59 42 62 69 73 69 77 74 74 56 57 80 83 87 88 82 73 17 53 62 53 60 35 44 74 61 13 27 63 56 13 0 0 0 0 0 0
67 73 59 64 60 33 43 56 66 83 80 73 69 60 45 64 68 71 56 26 22 14 0 0 0 0 0 0 0 0 0 0 0 0 0 22 38 37 15 50 24 86 86 76 80 65 90 47 24 24 59 49 68 49 50 67 23 10 44 47 19 28 52 82 96 80 90 89 82 87 68 81 75 82 91 56 23 53 76 56 56 56 62 64 74 40 33 19 24 2 0 0 0 0 0 0
47 43 45 36 28 52 63 71 66 42 73 47 63 51 47 49 42 44 37 0 0 0 0 0 0 0 0 0 0 0 0 0 0 0 0 0 6 0 0 48 57 50 85 80 80 81 79 82 65 43 56 67 79 73 59 64 61 21 57 26 30 38 30 74 90 90 89 90 80 76 70 93 77 78 70 65 61 45 29 46 63 66 80 73 74 80 79 47 30 0 0 0 0 0 0 0
24 33 33 30 53 52 64 63 60 66 64 70 30 48 45 44 5 8 2 0 0 0 0 0 0 0 0 0 0 0 0 0 0 0 0 0 0 0 25 36 81 64 38 37 56 65 81 84 90 87 84 72 28 9 30 39 16 10 16 7 12 7 33 86 80 83 89 88 77 65 69 60 83 73 45 68 67 83 80 81 53 72 74 84 70 79 87 53 3 0 0 0 0 0 0 0
3 5 2 26 45 44 45 51 51 59 46 23 6 27 32 8 0 0 0 0 0 0 0 0 0 0 0 0 0 0 0 0 0 0 0 0 0 0 18 10 32 71 50 10 0 15 50 50 41 65 91 90 83 18 22 50 50 34 10 38 27 31 45 54 68 49 64 75 21 59 47 29 56 72 69 71 64 74 71 69 71 75 66 60 50 59 69 36 0 0 0 0 0 0 0 0
24 2 16 33 23 33 56 79 72 50 7 2 0 1 0 1 0 0 0 0 0 0 0 0 0 0 0 0 0 0 0 0 0 0 0 0 0 0 0 0 19 64 17 8 0 0 0 0 9 71 95 90 87 46 28 23 34 26 24 53 36 42 59 68 56 36 67 69 58 62 64 72 79 78 75 87 66 64 63 71 70 73 62 32 42 28 74 3 0 0 0 0 0 0 0 0
43 32 23 34 14 43 72 62 50 33 15 2 0 0 0 0 0 0 0 0 0 0 0 0 0 0 0 0 0 0 0 0 0 0 0 0 0 0 0 0 5 56 22 0 0 0 0 0 12 61 95 83 83 62 67 56 49 47 36 46 70 78 84 88 87 90 83 83 77 68 64 77 71 66 75 67 64 62 68 55 68 64 43 30 30 16 20 0 0 0 0 0 0 0 0 0
60 70 43 30 26 47 50 59 26 10 9 0 0 0 0 0 0 0 0 0 0 0 0 0 0 0 0 0 0 0 0 0 0 0 0 0 0 0 0 0 0 7 4 0 0 0 0 0 0 7 56 20 24 51 51 59 76 60 54 78 79 82 66 80 64 61 60 70 76 60 63 59 64 87 79 71 72 76 53 72 65 70 40 31 32 7 0 0 0 0 0 0 0 0 0 0
61 38 63 62 53 49 52 35 33 7 2 0 0 0 0 0 0 0 0 0 0 0 0 0 0 0 0 0 0 0 0 0 0 0 0 0 0 0 0 0 0 0 0 0 0 0 0 0 0 0 0 0 0 0 0 10 78 72 68 28 20 30 46 55 53 44 51 54 62 70 65 68 81 71 51 32 17 60 59 57 49 75 64 45 27 16 1 0 0 0 0 0 0 0 0 0
74 60 52 53 50 53 15 29 58 38 11 0 0 0 0 0 0 0 0 0 0 0 0 0 0 0 0 0 0 0 0 0 0 0 0 0 0 0 0 0 0 0 0 0 0 0 0 0 0 0 0 0 0 0 0 0 50 64 15 49 59 58 35 38 40 60 52 46 15 59 72 55 52 40 27 13 3 13 20 31 4 28 36 33 24 23 17 0 0 0 0 0 0 0 0 0
62 69 62 57 33 47 15 27 35 35 31 15 0 0 0 0 0 0 0 0 0 0 0 0 0 0 0 0 0 0 0 0 0 0 0 0 0 0 0 0 0 0 0 0 0 0 0 0 0 0 0 0 0 0 0 0 0 5 26 15 31 25 13 16 47 54 39 4 26 25 21 25 9 23 11 8 0 2 0 0 2 23 7 8 14 2 6 0 0 0 0 0 0 0 0 0
33 53 69 48 32 52 56 51 39 40 49 39 0 0 0 0 0 0 0 0 0 0 0 0 0 0 0 0 0 0 0 0 0 0 0 0 0 0 0 0 0 0 0 0 0 0 0 0 0 0 0 0 0 0 0 0 0 0 23 41 20 0 0 13 54 33 18 41 47 34 8 2 10 18 6 0 0 0 0 0 0 0 7 1 4 2 1 0 0 0 0 0 0 0 0 0
55 51 47 45 49 40 41 28 46 67 33 11 0 0 0 0 0 0 0 0 0 0 0 0 0 0 0 0 0 0 0 0 0 0 0 0 0 0 0 0 0 0 0 0 0 0 0 0 0 0 0 0 0 0 0 0 0 0 0 8 7 0 0 0 1 17 21 30 11 2 0 0 0 0 0 0 0 0 0 0 0 0 0 0 0 0 2 0 0 0 0 0 0 0 0 0
37 50 63 45 25 27 1 10 12 54 50 26 0 0 0 0 0 0 0 0 0 0 0 0 0 0 0 0 0 0 0 0 0 0 0 0 0 0 0 0 0 0 0 0 0 0 0 0 0 0 0 0 0 0 0 0 0 0 0 0 0 0 0 0 0 0 8 1 0 0 0 0 0 0 0 0 0 0 0 0 0 0 0 0 0 0 0 0 0 0 0 0 0 0 0 0
32 43 50 30 39 45 40 33 22 50 49 54 10 0 0 0 0 0 0 0 0 0 0 0 0 0 0 0 0 0 0 0 0 0 0 0 0 0 0 0 0 0 0 0 0 0 0 0 0 0 0 0 0 0 0 0 0 0 0 0 0 0 0 0 0 0 0 0 0 0 0 0 0 0 0 0 0 0 0 0 0 0 0 0 0 0 0 0 0 0 0 0 0 0 0 0
53 21 19 30 28 49 44 46 39 52 60 44 20 0 0 0 0 0 0 0 0 0 0 0 0 0 0 0 0 0 0 0 0 0 0 0 0 0 0 0 0 0 0 0 0 0 0 0 0 0 0 0 0 0 0 0 0 0 0 0 0 0 0 0 0 0 0 0 0 0 0 0 0 0 0 0 0 0 0 0 0 0 0 0 0 0 0 0 0 0 0 0 0 0 0 0
49 1 6 31 60 53 45 34 48 55 52 40 58 16 0 0 0 0 0 0 0 0 0 0 0 0 0 0 0 0 0 0 0 0 0 0 0 0 0 0 0 0 0 0 0 0 0 0 0 0 0 0 0 0 0 0 0 0 0 0 0 0 0 0 0 0 0 0 0 0 0 0 0 0 0 0 0 0 0 0 0 0 0 0 0 0 0 0 0 0 0 0 0 0 0 0
45 34 6 34 56 59 28 38 51 30 38 62 49 42 38 22 0 0 0 0 0 0 0 0 0 0 0 0 0 0 0 0 0 0 0 0 0 0 0 0 0 0 0 0 0 0 0 0 0 0 0 0 0 0 0 0 0 0 0 0 0 0 0 0 0 0 0 0 0 0 0 0 0 0 0 0 0 0 0 0 0 0 0 0 0 0 0 0 0 0 0 0 0 0 0 0
49 21 31 61 44 73 32 26 42 32 43 36 54 45 18 7 0 0 0 0 0 0 0 0 0 0 0 0 0 0 0 0 0 0 0 0 0 0 0 0 0 0 0 0 0 0 0 0 0 0 0 0 0 0 0 0 0 0 0 0 0 0 0 0 0 0 0 0 0 0 0 0 0 0 0 0 0 0 0 0 0 0 0 0 0 0 0 0 0 0 0 0 0 0 0 0
43 40 50 63 58 64 71 60 54 40 64 57 68 31 4 2 0 0 0 0 0 0 0 0 0 0 0 0 0 0 4 10 3 3 0 0 0 0 0 0 0 0 0 0 0 0 0 0 0 0 0 0 0 0 0 0 0 0 0 0 0 0 0 0 0 0 0 0 0 0 0 0 0 0 0 0 0 0 0 0 0 0 0 0 0 0 0 0 0 0 0 0 0 0 0 0
56 55 73 58 55 56 63 55 50 39 36 42 48 41 1 6 3 3 0 0 0 0 0 0 0 0 0 0 0 0 17 50 72 65 50 12 6 0 0 0 0 0 0 0 0 0 0 0 0 0 0 0 0 0 0 0 0 0 0 0 0 0 0 0 0 0 0 0 0 0 0 0 0 0 0 0 0 0 0 0 0 0 0 0 0 0 0 0 0 0 0 0 0 0 0 0
50 32 56 37 54 57 30 18 57 75 82 81 63 72 30 6 1 5 5 1 0 0 0 0 0 0 0 0 0 0 20 46 77 55 68 67 63 30 16 7 12 53 63 20 19 0 0 0 0 0 0 0 0 0 0 0 0 0 0 0 0 0 0 0 0 0 0 0 0 0 0 0 0 0 0 0 0 0 0 0 0 0 0 0 0 0 0 0 0 0 0 0 0 0 0 0
35 28 46 60 41 74 78 63 53 69 75 76 88 88 87 45 36 8 7 6 5 0 0 0 0 0 0 0 0 32 57 62 75 59 64 55 69 68 78 70 91 86 53 74 88 11 0 0 0 0 0 0 0 0 0 0 0 0 0 0 0 0 0 0 0 0 0 0 0 0 0 0 0 0 0 0 0 0 0 0 0 0 0 0 0 0 0 0 0 0 0 0 0 0 0 0
61 44 60 53 56 63 28 56 82 61 67 65 69 91 88 86 69 55 48 49 9 9 18 1 0 0 2 0 0 45 67 79 34 26 67 60 74 88 85 77 38 72 80 67 91 10 0 0 0 0 0 0 0 0 0 0 0 0 0 0 0 0 0 0 0 0 0 0 0 0 0 0 0 0 0 0 0 0 0 0 0 0 0 0 0 0 0 0 0 0 0 0 0 0 0 0
