REKUR/landusedata/lu_ackerland.asc
ncols 590
nrows 258
xllcorner -2864291
yllcorner     200792
cellsize      10000
NODATA_value  -9999
[rows 71 to 141 of 258, columns 192 to 287 of 590]
67 47 79 77 65 62 43 39 56 55 14 18 33 27 55 72 76 65 60 54 58 71 67 87 100 90 94 97 97 91 73 80 49 35 7 34 41 59 63 60 69 61 66 69 90 83 86 92 93 50 20 30 50 44 46 53 49 35 30 23 21 40 32 55 32 44 17 11 2 11 71 92 54 58 63 31 0 0 8 37 54 47 20 49 41 36 48 30 48 45 16 36 58 51 68 65
75 70 88 82 93 84 68 52 34 67 28 14 26 52 62 64 56 50 62 53 71 70 86 93 98 97 95 95 99 93 90 98 63 63 24 42 70 68 88 98 92 93 94 94 81 95 97 79 75 55 42 42 53 41 66 47 28 32 34 39 53 45 37 48 33 59 22 1 0 10 43 79 13 65 44 18 0 0 22 41 72 37 17 47 25 32 27 52 62 54 54 56 70 74 78 75
83 78 86 82 60 80 79 80 52 68 58 58 34 60 52 41 50 48 51 47 47 80 88 89 72 98 90 94 98 99 94 88 90 94 54 72 70 68 79 70 68 68 91 88 62 76 60 45 58 32 64 49 42 36 49 35 25 30 30 26 54 30 40 44 32 20 3 0 1 0 42 70 47 46 24 10 2 6 43 60 67 52 42 23 30 27 42 70 70 71 67 61 68 62 42 47
91 85 68 52 77 79 74 82 69 59 56 63 73 65 49 16 21 46 47 54 74 83 86 68 88 99 97 100 98 94 90 96 99 95 76 82 78 90 59 73 80 74 62 57 80 72 40 31 71 44 65 56 38 22 36 40 30 20 22 32 35 33 23 23 23 13 6 3 8 6 57 67 60 49 11 15 1 5 45 54 57 26 31 34 37 43 55 42 52 39 68 62 46 27 41 31
92 87 61 45 58 71 61 68 64 70 50 36 47 20 33 54 34 43 57 75 83 92 51 85 96 100 96 88 43 50 12 53 93 92 64 68 63 71 71 50 52 52 56 53 50 35 51 67 51 50 31 53 61 57 21 45 24 14 24 40 52 34 27 40 24 3 16 11 2 13 57 71 56 24 10 4 1 31 53 42 43 28 26 53 61 46 47 65 81 56 57 46 47 32 25 35
83 80 83 79 55 80 60 63 59 53 45 37 46 53 53 38 24 44 54 73 80 57 65 70 62 98 80 52 26 58 26 20 66 70 59 70 85 77 65 39 58 79 73 40 30 52 52 46 48 26 54 51 40 40 50 31 12 1 24 26 28 41 17 16 12 15 11 5 6 47 75 56 60 25 10 0 6 23 65 45 16 13 25 52 45 48 67 76 66 42 46 26 28 22 26 75
78 81 71 57 61 61 64 63 59 35 54 35 46 21 46 43 52 62 65 77 77 90 88 100 97 94 68 31 47 79 56 45 19 53 66 86 86 75 63 89 70 48 60 47 80 83 53 17 16 35 61 23 49 44 32 31 21 15 24 14 17 42 36 17 1 5 3 9 12 42 63 23 47 40 4 5 5 20 49 38 6 27 28 30 44 70 48 56 55 28 46 23 17 28 41 64
78 75 66 76 64 80 50 52 33 34 58 50 48 73 65 45 57 79 61 83 76 84 87 86 84 57 22 14 34 20 20 57 24 16 37 74 78 61 53 66 40 44 46 64 51 47 54 67 71 50 22 22 36 34 30 29 9 25 40 26 17 33 25 15 6 11 0 5 15 77 70 60 38 8 8 2 0 29 61 32 19 23 40 35 53 56 44 47 33 16 33 20 15 18 41 40
65 47 68 63 35 47 47 45 43 33 64 73 55 38 65 44 31 55 57 72 68 71 42 39 43 19 44 35 24 30 31 36 48 58 49 49 69 38 35 56 79 60 56 69 63 52 66 62 24 17 32 33 26 49 33 11 15 24 25 37 25 19 30 20 6 3 6 3 56 63 68 66 31 5 0 1 11 50 32 30 31 49 33 55 41 51 46 44 22 3 16 13 7 8 24 23
16 18 55 76 68 66 74 53 34 59 63 74 69 41 34 33 24 37 44 53 65 66 48 73 50 41 54 41 33 33 18 37 57 55 67 61 24 18 82 93 59 57 56 75 69 39 33 55 52 38 37 32 32 28 31 21 26 32 19 22 20 25 16 22 5 1 13 39 32 31 35 49 3 7 0 3 22 46 37 51 49 47 45 63 52 57 52 22 3 5 7 4 1 9 2 11
37 49 13 47 80 72 70 77 82 58 73 59 47 49 25 28 42 57 30 44 41 37 58 60 65 41 49 46 30 13 16 53 78 64 66 59 30 78 81 48 46 34 35 43 40 42 39 74 81 59 60 28 20 70 53 56 58 53 32 34 36 34 22 30 25 24 45 60 60 54 39 38 2 8 0 17 37 30 0 24 37 33 28 32 64 59 60 21 3 3 5 4 4 12 7 16
83 78 61 74 68 68 60 72 78 76 73 60 45 43 46 7 32 60 66 80 84 49 40 33 61 35 40 33 13 11 16 50 43 30 50 64 88 63 36 56 20 21 16 26 42 51 21 34 54 37 16 33 66 64 62 43 61 46 46 42 45 33 40 20 28 37 54 55 61 84 54 42 28 21 15 31 41 52 17 0 2 9 0 1 5 15 43 10 5 6 10 10 21 13 13 15
87 89 77 88 71 43 59 70 60 71 82 83 65 54 66 58 67 76 76 79 41 65 56 74 67 81 73 70 40 9 28 37 30 57 49 59 80 19 32 33 36 46 2 10 10 30 36 40 21 60 36 52 83 63 53 52 47 46 51 32 38 46 30 27 28 23 25 31 60 51 27 2 7 2 10 0 4 7 0 0 0 0 0 0 0 0 1 8 5 8 8 10 5 0 3 0
87 88 80 85 68 66 66 72 63 73 59 75 88 84 84 66 80 82 79 81 75 57 83 80 79 89 85 90 63 57 23 68 81 86 77 61 64 28 34 36 22 7 1 3 5 9 35 28 45 36 43 46 74 76 47 52 54 39 46 55 47 40 33 18 12 17 3 3 10 9 0 0 0 0 0 0 0 0 0 0 0 0 0 0 0 0 11 9 6 2 0 8 0 0 0 1
69 73 90 79 85 72 64 73 63 74 83 91 87 52 72 79 84 72 82 82 76 73 62 67 69 86 96 98 86 73 53 61 86 80 84 59 30 7 21 11 22 4 9 6 6 16 32 28 21 25 28 63 80 33 38 55 41 42 31 18 37 43 35 28 22 14 3 0 0 0 0 0 0 0 0 0 0 0 0 0 0 0 0 0 0 0 13 0 0 0 0 3 0 0 0 0
63 56 70 72 83 79 80 65 69 61 73 80 96 90 77 68 67 49 69 83 61 68 70 75 88 96 97 86 94 70 89 72 70 82 67 37 35 20 28 26 31 2 10 3 5 10 12 28 19 22 39 50 73 65 31 40 42 43 23 35 39 27 39 30 14 6 0 0 0 0 0 0 0 0 0 0 0 0 0 0 0 0 0 0 0 0 18 0 0 0 0 0 0 0 0 3
77 48 69 83 75 83 88 68 72 72 53 78 95 97 85 60 64 60 56 74 49 23 19 71 83 77 70 83 70 54 68 86 86 61 51 18 23 28 34 49 27 3 3 2 4 11 21 14 31 16 60 37 66 54 38 11 4 24 35 16 33 18 13 26 12 2 0 0 0 0 0 0 0 0 0 0 0 0 0 0 0 0 0 0 0 0 2 11 3 0 0 0 0 0 6 0
72 49 75 90 86 50 69 60 66 52 46 80 83 75 69 48 61 82 66 74 62 18 20 28 38 37 77 64 48 59 64 38 44 44 40 10 32 33 15 25 13 10 6 5 13 12 8 21 22 60 73 60 56 83 50 43 39 16 12 27 27 8 5 8 0 0 0 0 0 0 0 0 0 0 0 0 0 0 0 0 0 0 0 0 0 0 0 0 1 0 0 0 0 0 3 0
18 66 37 49 80 74 87 78 74 56 42 66 92 44 34 68 84 85 85 78 66 43 46 60 41 44 45 45 24 40 30 17 25 45 34 24 18 5 21 22 12 7 19 17 20 1 10 21 34 46 61 62 67 62 35 36 42 23 23 17 17 15 2 0 0 0 0 0 0 0 0 0 0 0 0 0 0 0 0 0 0 0 0 0 0 0 0 0 0 0 0 0 0 0 0 0
0 24 54 79 85 72 70 83 80 70 61 80 85 70 60 75 74 78 75 76 61 32 41 41 47 30 48 59 41 30 34 51 17 9 15 26 27 21 23 54 34 19 21 20 10 14 25 18 33 46 52 65 64 69 55 46 39 20 10 6 2 19 0 0 0 0 0 0 0 0 0 0 0 0 0 0 0 0 0 0 0 0 0 0 0 0 0 0 0 0 0 0 0 0 0 0
11 2 52 78 87 81 74 62 75 79 73 74 83 78 67 82 84 74 52 63 59 30 46 39 42 47 50 45 52 48 44 46 17 27 21 27 24 26 31 39 34 20 36 24 5 15 8 30 33 44 49 71 62 43 36 37 31 23 14 15 28 9 0 0 0 0 0 0 0 0 0 0 0 0 0 0 0 0 0 0 0 0 0 0 0 0 0 0 0 0 0 0 0 0 0 0
0 0 28 91 82 79 93 88 88 91 72 84 88 83 82 84 47 59 53 45 56 48 41 50 49 39 53 51 62 50 34 27 39 26 13 10 12 39 24 28 32 25 16 13 18 10 12 27 28 48 46 50 45 64 48 36 38 7 9 10 0 0 0 0 0 0 0 0 0 0 0 0 0 0 0 0 0 0 0 0 0 0 0 0 0 0 0 0 0 0 0 0 0 9 0 0
13 2 10 66 84 95 95 79 63 83 94 89 80 84 92 73 61 40 20 22 19 30 54 40 60 44 30 42 27 48 22 22 40 24 28 13 15 61 40 25 20 27 14 15 13 18 15 18 16 41 44 60 56 30 27 26 16 1 2 0 0 0 0 0 0 0 0 0 0 0 0 0 0 0 0 0 0 0 0 0 0 0 0 0 0 0 0 0 0 0 0 0 0 7 14 7
12 8 26 48 67 87 96 83 87 53 88 92 76 80 71 42 23 22 22 20 23 32 44 38 33 28 31 26 27 31 36 30 28 34 13 10 54 68 59 46 18 32 33 8 4 31 12 15 30 39 63 70 54 28 30 3 2 2 0 0 0 0 0 0 0 0 0 0 0 0 0 0 0 0 0 0 0 0 0 0 0 0 0 0 0 0 0 0 0 0 2 2 1 0 0 2
0 8 27 58 69 70 70 84 90 89 83 84 90 62 40 41 26 15 16 29 21 20 30 25 21 13 33 25 41 38 40 27 21 23 14 44 71 31 53 30 14 15 14 2 4 6 9 12 21 44 80 57 43 24 18 4 1 2 10 9 20 12 8 10 0 0 0 0 0 0 0 0 0 0 0 0 0 0 0 0 0 0 0 0 0 0 0 0 0 0 0 0 2 0 1 0
0 21 25 72 90 68 56 56 63 77 91 76 75 62 43 30 23 19 21 31 16 11 23 16 16 12 10 14 19 23 28 33 30 32 19 37 86 25 12 14 2 11 17 20 24 8 8 11 21 69 63 56 35 17 13 2 3 3 39 0 31 16 14 3 0 0 0 0 0 0 0 0 0 0 0 0 0 1 0 0 0 0 0 0 2 1 0 0 0 0 0 4 3 0 3 2
0 2 49 75 87 68 61 30 51 63 72 76 79 62 63 32 53 36 34 52 28 24 32 15 15 8 11 12 15 12 15 18 17 26 20 65 86 42 18 14 1 21 22 28 17 6 4 14 56 67 72 51 44 13 17 1 2 27 21 14 30 10 6 3 0 0 0 0 0 0 0 0 0 0 0 4 9 0 0 0 0 0 0 0 13 4 0 0 0 0 3 6 0 0 0 2
0 0 8 82 80 80 70 50 36 40 50 47 51 39 39 33 41 39 37 56 22 41 21 25 10 8 14 17 18 18 28 22 15 33 25 81 96 63 12 3 6 14 19 17 21 20 6 9 76 68 70 53 52 24 16 0 20 50 35 50 35 16 16 15 0 0 0 0 0 0 0 0 0 0 0 6 13 8 1 0 0 0 0 7 26 19 10 18 20 22 10 1 1 0 0 3
0 3 17 18 53 75 70 61 41 35 63 38 41 47 52 34 35 26 35 41 45 25 19 14 9 12 8 12 11 27 20 25 30 18 15 55 84 60 18 3 1 11 26 16 20 9 24 28 66 72 63 59 53 10 5 31 30 55 38 25 2 3 4 2 0 2 0 0 0 0 0 0 0 0 0 5 6 0 2 0 0 0 8 1 2 0 0 0 0 1 0 2 15 1 5 13
0 8 18 2 35 68 68 63 58 82 77 77 70 35 41 33 40 30 30 41 36 25 18 7 12 14 12 12 16 28 20 19 15 30 19 46 82 40 32 6 3 7 29 25 25 32 30 33 12 51 57 60 59 18 2 41 20 61 31 6 8 1 9 10 0 0 0 0 0 0 1 0 0 1 1 0 10 10 0 8 1 0 0 0 0 0 0 1 0 0 0 10 4 0 18 8
0 11 17 27 38 53 77 90 47 68 76 63 80 70 35 35 57 56 49 70 60 52 22 17 16 10 4 11 17 15 6 4 5 26 27 77 42 14 17 7 1 13 42 50 32 31 20 27 3 18 65 68 51 42 25 52 16 57 23 10 4 4 1 0 0 2 0 5 5 0 1 2 3 2 2 1 6 11 17 13 11 10 0 3 5 12 7 7 6 20 17 2 2 8 2 3
0 4 28 17 23 36 23 55 57 52 82 75 85 67 40 53 33 50 54 66 69 46 35 49 28 3 12 2 9 31 6 3 0 2 26 73 42 17 2 3 1 8 28 47 35 34 28 46 33 59 60 65 75 69 44 43 16 20 0 0 8 6 0 0 0 7 11 18 22 15 5 7 1 1 2 3 4 31 28 22 28 28 19 46 38 30 24 8 17 21 2 5 0 4 1 6
0 6 21 5 11 32 28 7 53 41 46 60 62 69 58 44 43 35 36 27 39 43 42 41 16 12 4 10 14 20 10 12 3 7 20 58 47 12 2 20 11 5 18 29 37 36 28 54 38 57 58 61 66 73 69 50 26 17 3 20 20 7 0 2 5 0 0 2 0 0 5 1 4 2 9 7 30 62 45 15 30 45 38 50 64 57 51 51 45 19 15 7 26 3 6 4
0 6 3 5 18 15 42 38 33 44 14 23 26 34 52 35 38 28 45 33 43 57 39 28 7 5 3 11 9 8 10 6 3 1 8 32 49 6 4 25 23 20 21 23 8 9 20 48 54 57 51 48 69 68 69 31 9 23 45 22 7 4 10 6 1 0 0 3 1 0 0 1 21 45 42 56 63 66 79 40 52 47 38 26 70 69 75 85 79 78 48 16 18 51 1 48
2 3 10 5 16 37 41 26 39 46 41 47 40 28 15 28 45 40 32 42 20 27 24 7 3 0 0 4 5 8 2 3 2 15 24 24 37 19 10 25 35 38 29 27 23 6 2 32 40 67 69 89 59 57 29 16 0 28 10 3 2 5 5 0 0 0 0 1 0 0 5 29 61 47 77 81 87 94 69 61 74 68 16 23 66 67 70 90 92 91 74 61 76 66 11 46
0 8 5 8 6 21 18 20 1 14 35 31 24 27 41 49 38 17 30 41 44 18 21 11 6 5 7 19 24 10 1 0 1 32 24 23 23 48 15 28 28 26 31 18 28 8 17 47 57 73 41 47 40 45 39 1 9 20 1 2 5 0 0 0 0 2 1 2 2 0 37 63 67 52 80 99 86 95 94 94 67 92 65 74 86 77 67 83 93 92 87 86 83 89 91 79
0 13 13 15 6 26 35 27 28 27 44 45 57 38 24 36 41 21 34 53 32 24 28 40 15 0 32 15 31 13 3 0 10 33 25 19 23 22 41 52 37 26 30 25 16 2 20 50 61 57 44 36 44 19 8 11 19 0 0 3 7 2 2 0 7 0 0 2 5 35 60 82 82 85 95 98 88 92 97 95 67 72 90 91 91 80 86 89 96 93 89 93 91 94 80 82
3 3 13 35 8 11 12 19 26 18 35 49 46 52 68 42 24 44 37 37 50 28 29 33 20 3 15 32 32 44 18 5 7 22 32 12 12 20 30 52 33 26 13 18 5 7 36 41 44 70 66 75 22 3 15 21 3 0 0 0 0 0 0 0 0 6 22 5 2 34 53 78 65 75 80 73 90 93 91 94 91 77 70 93 91 87 88 90 93 94 98 95 94 98 82 42
4 7 6 7 3 2 14 5 32 70 85 83 84 91 85 71 35 30 47 42 45 23 15 16 7 17 35 42 46 32 31 24 4 16 20 31 28 14 8 39 35 12 2 8 9 7 32 51 38 67 69 23 11 2 11 15 1 1 5 0 0 0 0 1 6 1 0 12 34 56 27 21 60 46 64 76 90 82 76 93 92 84 77 62 82 77 77 83 71 71 97 97 95 91 98 75
16 16 7 6 2 3 15 44 69 83 77 90 91 90 90 70 20 27 35 40 32 13 32 4 22 21 54 61 42 33 30 15 3 10 16 31 26 11 18 33 40 11 0 0 1 19 30 18 46 80 23 0 7 1 16 26 8 3 0 0 0 2 0 0 0 0 7 1 39 73 43 76 89 40 70 93 84 95 86 78 88 88 66 36 64 90 70 80 97 92 81 76 72 95 71 80
8 32 15 22 26 8 22 53 42 68 86 90 83 83 83 83 51 38 33 33 23 4 15 32 15 10 26 61 33 13 30 8 2 5 3 36 14 7 12 6 9 3 0 1 1 1 8 31 83 57 9 13 6 1 23 30 16 1 0 0 0 0 4 0 0 0 0 25 87 88 87 92 97 56 61 56 79 97 79 99 82 82 64 64 84 85 87 88 93 100 95 97 90 73 74 91
10 28 13 18 14 14 6 4 15 65 78 85 76 62 60 84 64 66 27 20 14 14 13 17 28 37 36 17 30 39 17 0 1 1 3 32 45 11 4 5 13 0 3 7 7 4 24 37 48 49 28 16 25 0 9 8 3 28 0 0 0 4 0 3 1 0 6 42 96 95 93 80 62 31 54 28 54 85 93 95 83 69 41 44 48 61 56 72 79 87 95 79 81 94 94 91
18 10 7 14 16 10 10 10 5 22 50 84 82 84 72 73 60 73 58 43 40 20 18 34 45 68 75 48 25 40 38 17 0 10 12 36 19 19 25 5 2 0 1 3 12 12 11 45 80 43 13 3 40 9 4 1 0 19 40 2 0 3 7 0 0 0 0 14 71 98 97 89 55 41 20 20 26 39 71 50 59 40 22 18 37 30 39 47 46 57 75 86 88 86 80 93
26 27 18 20 5 9 22 17 12 4 33 80 68 63 80 82 82 85 82 72 70 54 17 40 44 50 74 60 57 39 20 27 23 11 10 32 19 12 3 4 0 5 22 22 17 8 30 50 36 19 22 10 17 13 19 15 18 34 54 21 13 20 0 0 0 0 3 6 35 42 93 87 50 28 42 52 70 56 47 34 18 15 5 7 15 20 31 34 43 27 64 85 80 87 89 88
16 9 20 6 12 10 14 14 10 14 59 89 96 70 74 80 86 79 89 82 87 54 37 38 30 73 75 73 82 74 50 55 24 28 30 25 8 4 1 0 1 11 22 23 6 12 51 38 43 10 20 18 16 16 20 37 11 53 27 20 6 2 0 1 0 1 0 9 39 88 94 86 69 62 40 34 39 14 9 3 22 9 2 4 8 11 19 28 30 32 40 67 58 52 61 64
15 18 30 24 10 34 56 56 39 50 82 86 92 94 89 76 75 66 62 73 91 45 20 39 41 44 52 72 78 67 48 39 43 36 10 6 12 5 3 2 3 7 12 48 8 14 65 39 26 10 20 26 26 15 22 24 37 11 12 28 8 12 11 4 0 1 0 1 62 81 90 85 57 39 43 30 23 7 6 7 9 7 10 11 8 4 21 33 10 7 26 45 46 56 59 70
43 66 67 65 66 68 68 64 45 54 80 84 98 90 96 94 91 80 65 67 80 44 10 21 54 64 64 70 68 58 34 25 40 29 9 25 3 0 0 1 4 18 59 14 7 10 33 13 6 21 28 20 20 24 13 24 46 9 1 4 3 0 0 0 0 1 2 10 13 43 58 41 21 31 21 17 11 17 0 0 0 0 4 14 16 15 12 12 29 10 5 10 32 54 56 66
82 88 86 74 77 72 71 72 60 70 95 95 94 93 98 93 92 83 57 66 86 59 38 28 68 55 61 61 55 42 56 42 54 38 18 14 1 3 2 6 11 45 30 11 11 4 42 39 16 20 17 2 24 11 6 24 33 5 8 5 1 0 1 0 2 0 1 0 5 0 3 0 1 7 3 1 8 0 0 0 0 0 0 1 5 19 8 16 9 35 18 4 1 26 30 53
85 78 61 75 55 70 82 77 72 75 85 87 86 92 98 97 77 93 56 47 88 86 75 80 91 82 73 63 52 56 59 39 47 24 25 10 15 11 5 13 22 21 19 28 18 2 11 27 87 38 14 14 39 41 14 13 20 21 15 9 7 10 1 3 0 0 0 0 0 1 0 0 0 0 3 15 2 0 0 0 0 0 0 0 0 1 10 8 27 21 11 20 24 8 16 11
61 71 66 68 70 72 74 78 67 53 80 73 64 86 95 98 97 85 70 66 80 89 85 72 93 86 54 58 49 33 61 58 28 26 30 10 8 3 10 5 20 8 8 3 15 15 25 35 66 39 16 13 27 25 29 40 30 32 20 10 14 7 2 0 0 0 0 3 0 0 0 0 7 10 33 0 0 0 0 0 0 0 0 0 0 0 0 5 13 29 6 0 8 20 1 2
53 63 64 79 66 64 66 75 85 80 82 88 70 89 97 97 95 60 32 12 82 97 95 83 78 96 46 23 12 6 32 19 13 12 13 18 1 5 16 7 12 6 11 27 28 27 52 59 17 41 56 49 56 56 42 51 45 57 26 8 8 5 3 7 6 2 1 4 0 1 6 1 3 7 4 0 0 0 0 0 0 0 0 0 0 0 0 0 0 0 11 9 6 11 3 5
64 43 40 57 63 86 70 64 84 70 80 86 68 74 96 96 85 80 40 41 85 97 98 94 82 72 34 1 9 3 6 10 9 16 12 16 10 2 10 13 20 19 39 20 58 62 43 33 34 19 25 25 20 27 37 38 46 70 39 3 6 1 10 3 2 2 3 3 2 7 28 27 11 1 0 0 0 0 0 0 0 0 0 0 0 0 0 0 0 0 0 29 17 32 35 42
30 54 43 25 37 89 88 65 77 63 83 81 79 68 69 93 86 85 68 93 96 100 99 84 74 30 15 10 4 5 7 6 10 12 9 8 7 9 21 24 55 80 39 47 80 60 33 28 14 32 33 40 44 20 22 23 24 40 5 3 8 12 6 5 1 2 20 4 3 9 15 1 0 0 0 0 0 0 0 0 0 0 0 0 0 0 0 0 0 0 0 9 64 35 66 66
21 16 38 16 35 61 64 52 56 57 72 74 65 65 65 81 79 83 84 86 97 95 96 55 25 16 3 7 9 5 6 10 14 4 4 7 24 3 11 13 0 11 12 57 23 53 32 7 23 34 21 53 51 26 18 30 21 20 11 10 1 4 12 1 9 0 12 0 0 0 0 0 0 0 0 0 0 0 0 0 0 0 0 0 0 0 0 0 0 0 0 7 57 54 52 66
2 4 0 8 17 11 34 52 53 45 62 72 65 47 48 50 76 66 86 79 89 96 84 89 71 40 19 10 20 21 14 7 11 13 19 18 16 0 0 0 0 1 1 9 0 30 52 2 11 20 17 50 27 24 9 3 10 5 7 19 11 5 10 2 9 0 0 0 0 0 0 0 0 0 0 0 0 0 0 0 0 0 0 0 0 0 0 0 0 0 0 4 54 89 75 63
0 7 3 0 0 5 14 3 21 24 51 50 38 60 60 42 24 36 63 68 82 85 70 86 81 34 24 13 28 19 10 18 23 36 28 24 1 0 0 0 0 0 0 0 0 4 4 0 11 10 15 19 14 28 12 17 8 11 2 5 5 21 24 1 0 2 0 0 0 0 0 0 0 0 0 0 0 0 0 0 0 0 0 0 0 0 0 0 0 0 0 0 23 86 66 85
0 0 0 0 1 0 2 0 3 2 3 15 18 20 31 23 35 19 22 38 60 54 54 63 33 15 15 14 6 9 8 22 8 2 0 0 0 0 0 0 0 0 0 0 0 0 0 0 0 0 0 1 13 18 3 5 8 11 6 5 9 9 4 0 0 0 0 0 0 0 0 0 0 0 0 0 0 0 0 0 0 0 0 0 0 0 0 0 0 0 0 0 5 76 21 52
0 0 0 0 0 0 3 0 0 8 0 6 11 2 3 11 16 3 10 45 12 21 44 21 23 7 7 4 7 7 4 10 1 0 0 0 0 0 0 0 0 0 0 0 0 0 0 0 0 0 0 0 3 9 9 5 3 4 4 2 11 10 1 0 0 0 0 0 0 0 0 0 0 0 0 0 0 0 0 0 0 0 0 0 0 0 0 0 0 0 0 0 0 52 59 49
2 5 0 1 0 0 1 0 0 3 4 1 0 0 5 0 10 27 3 7 7 16 17 19 28 34 11 9 8 10 5 8 0 0 0 0 0 0 0 0 0 0 0 0 0 0 0 0 0 0 0 0 0 1 16 7 14 20 3 2 4 4 0 0 0 0 0 0 0 0 0 0 0 0 0 0 0 0 0 0 0 0 0 0 0 0 0 0 0 0 0 0 0 12 44 19
39 39 15 0 0 0 0 0 0 0 0 0 0 0 0 0 3 3 1 7 11 2 6 18 7 6 7 8 6 9 1 7 0 0 0 0 0 0 0 0 0 0 0 0 0 0 0 0 0 0 0 0 0 0 0 0 6 11 1 0 0 0 0 0 0 0 0 0 0 0 0 0 0 0 0 0 0 0 0 0 0 0 0 0 0 0 0 0 0 0 0 0 0 0 29 20
13 13 44 35 0 1 0 0 0 2 0 0 0 0 0 8 0 1 0 0 0 11 0 12 4 0 23 13 2 5 17 15 0 0 0 0 0 0 0 0 0 0 0 0 0 0 0 0 0 0 0 0 0 0 0 0 0 1 0 0 0 0 0 0 0 0 0 0 0 0 0 0 0 0 0 0 0 0 0 0 0 0 0 0 1 0 0 0 0 0 0 0 0 13 61 35
7 18 25 5 2 8 7 22 3 1 0 0 0 4 0 5 6 1 0 0 0 0 0 9 0 5 9 10 7 27 30 24 0 0 0 0 0 0 0 0 0 0 0 0 0 0 0 0 0 0 0 0 0 0 0 0 0 0 0 0 0 0 0 0 0 0 0 0 0 0 0 0 0 0 0 0 0 0 0 0 0 0 0 0 5 0 0 0 0 0 0 0 0 16 40 21
59 14 2 2 0 3 16 17 26 16 2 0 4 1 1 5 0 4 0 0 0 2 2 4 0 8 10 7 3 11 33 24 0 0 0 0 0 0 0 0 0 0 0 0 0 0 0 0 0 0 0 0 0 0 0 0 0 0 0 0 0 0 0 0 0 0 0 0 0 0 0 0 0 0 0 0 0 0 0 0 0 0 0 0 6 2 0 0 0 0 0 0 1 0 0 0
95 84 42 11 4 4 28 21 15 6 12 7 1 4 15 14 3 12 2 1 13 31 45 4 0 0 0 7 18 27 8 12 2 0 0 0 0 0 0 0 0 0 0 0 0 0 0 0 0 0 0 0 0 0 0 0 0 0 0 0 0 0 0 0 0 0 0 0 0 0 0 0 0 0 0 0 0 0 0 0 0 0 1 1 2 1 0 0 0 0 3 10 21 0 0 0
83 92 79 90 63 44 17 8 33 37 30 21 17 14 7 5 4 18 8 6 24 24 0 1 1 10 3 9 1 8 20 10 0 0 0 0 0 0 0 0 0 0 0 0 0 0 0 0 0 0 0 0 0 0 0 0 0 0 0 0 0 0 0 0 0 0 0 0 0 0 0 0 0 0 0 0 0 0 0 0 3 7 1 9 8 0 0 0 0 0 0 0 0 0 0 0
94 93 91 99 77 69 49 40 35 35 26 11 19 50 20 6 17 9 1 0 1 6 4 12 7 12 8 0 0 23 71 26 1 0 0 0 0 0 0 0 0 0 0 0 0 0 0 0 0 0 0 0 0 0 0 0 0 0 0 0 0 0 0 0 0 0 0 0 0 0 0 0 0 0 0 0 0 0 0 14 16 6 4 5 17 15 0 0 0 1 6 0 0 0 0 0
56 97 94 84 91 93 71 71 30 29 11 23 17 46 45 3 11 12 6 3 0 5 5 9 7 11 33 20 26 62 79 62 7 3 0 0 0 0 0 0 0 0 0 0 0 0 0 0 0 0 0 0 0 0 0 0 0 0 0 0 0 0 0 0 0 0 0 0 0 0 0 0 0 0 0 0 0 0 1 11 0 0 7 6 7 19 0 0 0 0 0 0 0 0 0 0
63 92 92 98 84 86 86 82 50 56 12 31 18 19 39 19 36 31 27 18 47 40 25 40 23 14 26 17 44 59 65 42 0 0 0 0 0 0 0 0 0 0 0 0 0 0 0 0 0 0 0 0 0 0 0 0 0 0 0 0 0 0 0 0 0 0 0 0 0 0 0 0 0 0 0 0 0 0 1 0 0 0 5 3 1 8 0 0 0 0 0 0 0 0 0 0
48 57 89 86 82 96 87 98 93 68 39 54 33 47 77 50 50 65 46 41 23 31 72 46 81 16 12 17 22 54 81 67 4 0 0 0 0 0 0 0 0 0 0 0 0 0 0 0 0 0 0 0 0 0 0 0 0 0 0 0 0 0 0 0 0 0 0 0 0 0 0 0 0 0 0 0 0 0 2 0 1 1 4 0 1 14 0 0 0 0 0 0 0 0 0 0
95 55 69 74 66 85 81 87 97 86 52 77 96 95 93 91 70 42 40 24 29 39 31 41 54 8 0 22 53 16 49 65 5 0 0 0 0 0 0 0 0 0 0 0 0 0 0 0 0 0 0 0 0 0 0 0 0 0 0 0 0 0 0 0 0 0 0 0 0 0 0 0 0 0 0 0 0 2 1 3 0 0 2 0 13 20 0 0 0 0 0 0 0 0 0 0
65 91 77 99 88 82 75 86 82 45 26 92 96 95 100 99 98 82 39 46 65 45 26 37 13 6 8 17 65 49 12 30 1 0 0 0 0 0 0 0 0 0 0 0 0 0 0 0 0 0 0 0 0 0 0 0 0 0 0 0 0 0 0 0 0 0 0 0 0 0 0 0 0 0 0 0 0 2 9 13 5 3 0 2 23 27 0 0 0 0 0 0 0 0 0 0
