REKUR/landusedata/lu_weiden.asc
ncols 590
nrows 258
xllcorner -2864291
yllcorner     200792
cellsize      10000
NODATA_value  -9999
[rows 0 to 81 of 258, columns 288 to 383 of 590]
0 0 0 0 0 0 0 0 0 0 0 0 0 0 0 0 0 0 0 0 0 0 0 0 0 0 0 0 0 0 0 0 0 0 0 0 0 0 0 0 0 0 0 0 0 0 0 0 0 0 0 0 0 0 0 0 0 0 0 0 0 0 0 0 0 0 0 0 0 0 0 0 0 0 0 0 0 0 0 0 0 0 0 0 0 0 0 0 0 0 0 0 0 0 0 0
0 0 0 0 0 0 0 0 0 0 0 0 0 0 0 0 0 0 0 0 0 0 0 0 0 0 0 0 0 0 0 0 0 0 0 0 0 0 0 0 0 0 0 0 0 0 0 0 0 0 0 0 0 0 0 0 0 0 0 0 0 0 0 0 0 0 0 0 0 0 0 0 0 0 0 0 0 0 0 0 0 0 0 0 0 0 0 0 0 0 0 0 0 0 0 0
0 0 0 0 0 0 0 0 0 0 0 0 0 0 0 0 0 0 0 0 0 0 0 0 0 0 0 0 0 0 0 0 0 0 0 0 0 0 0 0 0 0 0 0 0 0 0 0 0 0 0 0 0 0 0 0 0 0 0 0 0 0 0 0 0 0 0 0 0 0 0 0 0 0 0 0 0 0 0 0 0 0 0 0 0 0 0 0 0 0 0 0 0 0 0 0
0 0 0 0 0 0 0 0 0 0 0 0 0 0 0 0 0 0 0 0 0 0 0 0 0 0 0 0 0 0 0 0 0 0 0 0 0 0 0 0 0 0 0 7 5 0 7 8 6 0 0 0 0 0 0 0 0 0 0 0 0 0 0 0 0 0 0 0 0 0 0 0 0 0 0 0 1 0 1 0 0 0 0 0 0 0 0 0 0 0 0 0 0 0 0 0
0 0 0 0 0 0 0 0 0 0 0 0 0 0 0 0 0 0 0 0 0 0 0 0 0 0 0 0 0 0 0 0 0 0 0 0 0 0 0 0 10 6 25 8 5 8 18 1 18 0 0 0 0 0 0 0 0 0 0 0 0 0 0 0 0 0 0 0 0 0 0 1 2 2 3 0 0 1 0 0 0 1 0 0 0 0 0 0 0 0 0 0 0 0 0 0
0 0 0 0 0 0 0 0 0 0 0 0 0 0 0 0 0 0 0 0 0 0 0 0 0 0 0 0 0 0 0 0 0 0 0 0 0 0 0 23 21 20 28 21 7 9 11 4 8 1 0 0 0 0 0 0 0 4 0 1 3 1 1 0 1 3 1 3 3 4 2 12 5 4 0 9 1 2 0 5 9 3 4 0 0 0 0 0 0 0 0 0 0 0 0 0
0 0 0 0 0 0 0 0 0 0 0 0 0 0 0 0 0 0 0 0 0 0 0 0 0 0 0 0 0 0 0 0 0 0 0 0 1 17 5 5 1 4 10 33 6 3 3 1 1 1 0 0 0 0 0 0 0 17 0 1 2 5 6 9 1 5 6 7 5 1 4 6 3 1 4 0 1 3 0 3 10 9 0 0 0 0 0 0 0 0 0 0 0 0 0 0
0 0 0 0 0 0 0 0 0 0 0 0 0 0 4 1 1 0 0 0 0 0 0 0 0 0 0 0 0 0 0 0 0 0 0 2 15 6 6 10 4 1 1 1 1 0 6 1 8 1 0 2 4 0 0 2 0 1 2 0 1 12 6 0 0 0 3 2 1 2 2 0 1 0 1 1 5 0 0 8 0 1 0 0 0 0 0 0 0 0 0 0 0 0 0 0
0 0 0 0 0 0 0 0 0 0 0 0 0 4 15 14 5 2 0 0 0 0 0 0 0 0 0 0 0 0 0 0 0 0 0 28 9 22 15 17 10 7 7 2 3 2 2 4 1 3 4 0 8 4 3 0 1 3 7 3 5 6 11 8 4 0 7 3 3 8 5 2 22 9 0 0 7 3 3 5 2 0 8 5 0 0 0 0 0 0 0 0 0 0 0 0
0 0 0 0 0 0 0 0 0 0 17 19 14 1 10 10 13 1 0 0 0 0 0 0 0 0 0 0 0 0 0 0 0 0 3 8 16 18 9 6 7 0 4 4 3 0 0 6 0 2 2 0 2 0 9 11 9 0 0 3 2 5 4 4 2 1 3 0 2 3 15 17 3 6 0 1 3 2 1 20 18 19 16 22 0 0 0 0 0 0 0 0 0 0 0 0
2 0 0 0 0 0 0 0 0 14 13 16 10 8 11 17 4 18 2 0 0 0 0 0 0 0 0 0 0 0 0 3 5 10 17 3 0 2 1 2 4 3 15 1 2 1 5 1 7 3 0 10 0 1 5 19 9 1 1 1 2 5 3 0 1 10 9 3 1 1 13 5 13 4 5 5 13 8 10 40 31 10 22 11 0 0 0 0 0 0 0 0 0 0 0 0
1 0 0 0 0 0 0 0 16 12 5 5 4 13 14 6 0 0 0 1 0 0 0 0 0 0 0 0 9 19 22 4 6 14 16 7 1 4 4 5 2 5 1 3 4 9 2 14 4 3 3 0 7 0 0 4 0 1 3 5 6 3 2 1 9 14 7 2 1 2 6 6 20 14 15 1 22 42 11 30 39 6 16 12 4 0 0 0 0 0 0 0 0 0 0 0
6 0 0 0 0 1 5 5 10 17 25 8 14 8 15 29 8 3 17 0 0 0 0 0 0 0 12 12 36 17 7 7 9 21 6 2 8 3 4 4 1 3 10 8 18 3 3 3 4 1 4 0 14 0 0 4 3 5 3 1 2 5 1 3 11 1 6 1 3 3 0 3 27 24 18 23 18 31 30 20 35 19 16 19 19 1 0 0 0 0 0 0 0 0 0 0
0 0 0 0 8 9 16 11 18 9 14 18 20 7 6 9 19 21 17 20 8 0 0 0 6 26 26 21 11 7 10 13 8 15 2 4 0 2 1 1 1 4 11 4 5 19 11 13 5 5 0 2 5 0 2 5 1 0 6 12 7 6 4 0 4 7 2 4 12 9 4 9 11 28 12 18 25 12 22 9 17 14 5 10 3 6 0 0 0 0 0 0 0 0 0 0
2 4 0 6 10 4 12 13 10 26 15 13 20 14 12 5 8 8 10 20 30 5 2 11 17 17 4 15 15 11 9 5 3 3 4 6 11 10 4 8 1 6 7 3 3 0 10 13 5 3 6 8 19 1 3 2 8 7 16 1 10 4 4 2 2 8 12 22 28 30 42 52 34 10 12 4 16 18 17 28 25 9 4 7 7 7 12 0 0 0 0 0 0 0 0 0
9 3 10 3 17 15 11 14 23 14 11 17 24 9 16 11 6 10 30 17 12 2 17 2 17 17 6 22 11 9 5 8 12 6 3 5 2 18 8 5 5 4 6 0 0 3 3 5 3 3 5 4 11 2 1 1 5 6 14 2 3 4 1 1 0 6 15 27 28 42 55 39 34 33 14 6 11 24 17 41 46 21 16 6 12 14 6 7 0 0 0 0 0 0 0 0
11 9 8 3 6 10 19 22 16 12 15 28 18 11 4 14 19 13 24 22 15 8 5 9 38 8 10 14 13 2 10 4 7 5 6 3 1 8 4 3 2 3 4 1 5 14 1 6 6 3 1 4 6 1 2 5 3 9 4 3 2 0 5 9 5 21 21 35 43 28 36 49 30 20 31 3 11 68 23 3 17 9 5 12 8 35 16 2 0 0 0 0 0 0 0 0
7 4 0 2 11 10 8 8 5 5 16 14 5 13 6 20 14 16 48 33 17 10 10 14 35 8 12 9 6 11 10 3 9 8 5 1 2 1 9 1 1 2 10 2 4 0 2 8 6 0 4 17 4 3 4 1 1 5 0 6 10 1 7 10 19 11 24 35 38 46 35 26 36 8 5 15 46 18 4 7 13 11 15 29 15 25 26 25 0 0 0 0 0 0 0 0
13 4 9 3 6 20 7 13 5 9 13 7 17 5 9 15 21 1 15 10 28 53 10 7 41 21 13 11 11 5 5 9 3 2 4 1 1 3 7 3 7 11 5 12 9 1 0 0 0 9 8 0 0 2 7 2 3 11 7 1 17 15 17 8 23 16 11 20 35 28 28 20 28 33 13 5 16 6 12 6 17 35 26 33 41 21 20 10 0 0 0 0 0 0 0 0
17 6 9 17 20 8 10 10 9 7 8 5 9 7 8 3 1 4 4 15 6 25 10 15 8 28 9 3 4 10 3 3 3 2 1 0 0 0 2 6 7 18 6 6 8 2 0 1 4 13 0 0 1 6 2 1 10 0 6 3 3 15 20 13 12 1 1 11 15 15 15 15 24 13 20 7 5 2 2 4 8 19 13 20 7 10 1 8 0 0 0 0 0 0 0 0
13 21 9 25 39 5 9 5 7 7 4 5 11 7 7 9 9 6 2 17 3 15 8 15 18 3 16 14 5 9 3 4 8 4 11 6 8 1 6 2 4 2 4 1 2 0 9 3 1 2 1 0 2 0 2 0 3 4 14 27 34 31 42 20 21 2 0 3 5 12 6 6 9 17 11 10 3 0 4 21 19 26 14 14 19 28 0 1 0 0 0 0 0 0 0 0
20 15 5 8 18 7 16 16 8 14 20 9 8 9 13 1 6 5 6 10 0 19 2 37 0 18 27 3 17 17 14 8 6 1 3 5 1 2 1 6 2 3 22 38 28 32 22 1 2 3 9 0 2 1 1 3 1 9 24 22 33 24 25 18 12 8 1 1 2 3 22 15 9 10 13 6 20 8 16 21 4 27 20 36 19 9 0 0 0 0 0 0 0 0 0 0
11 6 11 11 18 24 13 9 4 16 3 9 1 10 7 0 2 7 2 11 1 30 18 30 4 3 10 20 14 13 3 5 3 0 1 2 2 1 36 27 51 52 30 12 7 16 10 35 16 10 5 5 7 4 0 1 0 5 5 1 14 20 18 12 10 8 3 1 2 10 7 31 9 22 42 29 21 13 7 5 4 4 26 6 11 2 0 0 0 0 0 0 0 0 0 0
32 27 16 18 9 15 9 11 8 10 7 0 4 1 5 8 3 5 11 4 15 5 22 8 1 1 7 3 8 3 1 13 10 3 4 9 13 12 23 0 1 1 1 3 2 8 14 8 1 2 3 0 0 1 1 1 3 8 0 6 3 2 5 6 2 9 7 2 1 10 8 5 14 25 18 4 6 6 6 12 5 3 4 3 20 0 0 0 0 0 0 0 0 0 0 0
9 9 31 32 30 19 10 11 10 15 14 0 0 6 10 8 7 5 5 6 4 15 20 12 3 6 8 13 0 0 0 0 1 2 22 21 27 32 10 17 0 4 0 5 0 1 0 0 3 6 0 4 3 0 5 0 0 0 0 0 11 1 1 0 3 9 14 6 3 10 8 15 10 10 19 11 5 0 1 17 18 16 15 2 3 0 0 0 0 0 0 0 0 0 0 0
10 3 8 5 27 35 19 21 16 8 6 18 15 7 15 17 20 1 3 5 4 13 0 1 0 3 4 16 5 2 5 27 43 25 17 6 1 9 2 18 6 7 7 2 2 1 1 1 0 2 8 3 2 0 4 2 12 0 2 3 0 1 2 1 4 2 0 25 10 9 11 12 8 7 2 11 2 4 5 1 8 19 6 12 12 13 4 0 0 0 0 0 0 0 0 0
18 18 13 11 13 13 24 18 23 17 8 26 24 42 10 28 21 14 5 5 16 4 17 2 0 1 7 12 6 9 28 56 18 4 3 1 2 2 3 3 3 2 5 2 1 1 4 0 5 0 2 1 3 0 2 12 11 9 3 9 8 1 0 3 2 7 13 12 6 15 1 24 11 3 1 7 14 15 31 9 8 11 18 6 4 8 15 9 0 0 0 0 0 0 0 0
10 20 10 12 13 16 12 21 38 29 19 28 15 34 20 8 3 1 3 0 0 0 17 20 3 5 11 18 21 23 25 3 8 8 4 4 1 2 3 3 3 1 0 5 1 5 1 0 0 1 0 1 3 7 1 2 1 0 3 4 0 5 1 4 23 11 14 5 5 2 2 11 4 2 7 19 19 12 10 19 22 10 15 14 17 20 15 25 0 0 0 0 0 0 0 0
12 11 23 23 6 7 13 11 26 19 23 20 21 19 11 9 4 3 2 0 1 5 5 1 13 37 78 30 25 1 6 7 0 1 0 1 0 2 2 1 3 9 1 6 2 6 0 5 1 2 1 3 10 1 0 0 8 2 2 11 10 3 0 4 4 9 0 6 5 2 7 5 10 3 7 36 18 26 32 14 17 12 12 11 16 16 17 10 0 0 0 0 0 0 0 0
4 6 15 24 15 10 9 21 5 9 24 16 0 6 7 2 0 0 1 6 1 8 6 3 7 13 10 5 2 0 1 2 3 8 0 5 7 4 1 0 1 1 0 1 3 2 0 0 5 9 5 23 0 5 3 2 1 3 4 1 9 7 0 3 3 7 8 8 3 3 7 14 7 10 18 20 3 10 19 21 15 30 35 21 14 16 20 19 6 0 0 0 0 0 0 0
61 13 8 14 1 12 12 18 9 23 13 12 23 16 7 1 0 0 2 1 6 0 4 1 10 3 4 4 1 2 2 4 3 16 8 2 2 3 2 5 1 3 3 1 2 3 0 4 3 28 15 24 20 30 2 1 1 4 27 24 17 21 31 5 2 8 8 3 1 7 3 11 21 2 15 3 4 5 20 6 10 20 27 13 28 18 14 21 0 0 0 0 0 0 0 0
8 21 21 3 0 12 8 12 12 13 7 20 12 14 3 8 10 3 2 11 10 3 3 4 4 9 3 0 0 0 2 4 9 10 9 10 11 1 4 4 2 15 1 2 6 1 25 32 40 10 16 10 4 10 15 19 28 23 12 9 5 8 15 4 2 2 1 0 6 6 1 4 7 10 5 1 12 20 16 5 17 21 10 15 11 20 16 11 0 0 0 0 0 0 0 0
5 8 6 1 3 5 8 9 37 32 13 4 2 0 9 19 27 8 2 7 7 1 4 4 1 5 5 2 4 3 0 4 0 3 3 2 2 12 27 16 5 4 12 7 1 3 10 4 8 13 11 18 10 4 5 8 18 7 10 1 3 1 0 5 2 4 0 0 3 6 4 9 17 7 6 2 7 3 3 2 16 12 17 13 13 12 7 11 6 0 0 0 0 0 0 0
2 5 0 0 5 13 9 5 2 6 0 22 27 18 20 14 12 10 4 7 3 1 8 4 0 8 11 4 2 3 4 6 1 11 19 13 26 38 22 17 8 6 3 8 12 8 2 3 7 6 7 10 4 13 10 10 8 3 1 1 1 4 0 3 10 4 7 1 1 1 19 10 3 6 13 17 4 8 20 39 17 26 21 21 15 14 9 6 2 1 0 0 0 0 0 0
0 4 0 0 0 7 0 2 2 0 0 1 7 12 8 10 16 8 6 8 19 14 10 6 0 2 13 13 20 22 10 6 11 4 14 12 15 17 0 4 6 15 10 3 0 0 0 1 2 4 4 13 8 9 7 10 15 9 2 0 0 0 0 4 5 2 6 7 26 26 14 6 6 9 10 10 17 8 0 6 15 10 16 24 17 20 30 13 3 5 0 0 0 0 0 0
13 10 0 0 0 10 16 4 11 5 0 0 0 0 4 4 0 0 13 15 12 1 5 4 0 4 8 5 6 1 1 0 2 6 5 7 8 1 4 1 1 0 5 0 0 3 0 3 1 2 6 1 3 11 5 6 3 3 7 7 17 5 6 4 0 4 16 14 0 1 7 20 9 1 3 4 0 4 6 25 12 4 14 4 6 11 10 18 15 15 6 0 0 0 0 0
0 3 0 3 0 0 3 5 5 10 6 2 4 3 0 0 3 2 7 4 20 38 14 14 17 7 12 18 13 3 2 3 19 6 0 2 0 10 17 22 9 10 0 0 4 4 4 5 7 3 9 6 0 2 19 2 7 5 10 5 0 6 11 5 9 10 10 7 6 10 4 5 2 8 8 3 4 3 1 1 6 0 6 2 15 17 7 4 9 14 21 6 0 0 0 0
2 2 1 1 3 1 4 10 10 14 12 16 25 17 5 18 14 2 0 11 6 9 5 4 5 2 4 6 7 3 0 0 1 2 1 8 13 28 1 2 7 11 8 9 10 1 16 26 18 14 6 7 6 8 4 10 10 4 6 8 4 2 3 4 5 10 16 3 15 17 10 9 4 10 10 10 13 15 1 0 1 4 2 0 5 15 4 3 11 22 13 14 1 0 0 0
3 0 0 0 0 0 0 2 2 6 3 1 8 14 4 5 20 26 11 4 2 4 5 1 4 5 6 5 0 0 2 2 4 2 9 2 5 11 8 6 8 7 15 14 11 11 26 14 13 5 14 9 7 7 4 6 12 10 19 4 13 4 5 6 9 9 11 1 5 13 7 4 13 6 2 4 5 8 6 2 0 3 0 0 2 0 15 1 3 5 13 7 6 2 0 0
7 2 0 0 1 0 0 3 3 8 10 3 3 9 7 3 15 2 4 10 8 2 2 17 0 4 1 3 0 2 0 4 1 16 20 11 0 0 6 3 6 9 8 4 0 10 4 13 5 6 8 10 2 6 7 1 17 16 10 7 14 19 1 3 13 15 15 0 0 3 9 19 3 3 1 0 6 4 0 0 0 1 0 0 1 0 16 10 2 5 7 6 9 4 0 0
6 7 0 0 0 3 7 0 0 2 0 7 3 5 10 4 2 14 10 8 4 6 1 1 1 3 6 6 3 9 2 1 0 3 6 18 10 2 7 6 8 1 5 13 8 0 1 7 6 21 5 9 2 6 15 7 28 19 10 11 21 14 12 8 8 12 7 3 11 1 0 3 5 7 0 8 0 3 2 3 2 0 2 8 3 6 10 9 8 6 4 8 0 1 0 0
7 2 0 0 0 8 0 4 0 0 0 3 12 0 0 3 2 3 7 6 3 10 4 4 0 1 1 12 3 0 2 0 0 0 11 7 8 4 4 9 6 1 1 1 0 4 3 8 12 6 5 8 10 0 2 1 4 7 19 8 10 6 9 6 14 19 16 8 4 9 6 1 0 1 10 5 0 13 2 0 0 0 0 5 11 11 10 16 20 14 11 19 2 3 0 0
1 3 8 0 0 0 0 12 11 4 0 2 6 1 3 3 0 2 12 7 0 2 1 3 0 2 4 9 7 3 6 3 1 1 3 1 7 4 0 7 8 5 14 21 3 4 11 1 6 4 2 0 4 8 3 4 1 7 4 18 21 10 11 16 10 24 10 12 11 3 5 2 3 0 1 1 1 6 11 4 3 1 6 11 10 16 0 8 8 6 5 10 1 7 0 0
0 1 0 2 1 2 0 3 0 1 0 1 1 3 0 0 0 3 2 3 1 9 2 1 0 2 5 11 6 6 2 2 1 1 1 0 5 1 0 0 0 1 1 4 12 12 5 13 12 11 8 3 4 2 3 9 8 3 4 8 34 18 26 17 8 7 10 6 8 10 7 6 3 6 2 2 6 8 9 7 0 3 4 8 5 1 1 2 20 8 12 8 4 1 0 0
0 2 0 1 0 0 3 1 0 2 7 0 0 0 0 0 0 0 0 4 1 5 10 0 2 0 2 9 6 2 1 1 4 0 2 3 3 0 0 2 0 0 0 0 5 9 6 6 11 12 3 2 3 0 8 7 5 10 5 8 10 37 26 19 9 13 12 15 16 12 16 1 3 1 2 5 12 12 15 2 10 19 9 11 17 7 11 2 2 5 7 14 0 0 0 0
4 4 1 0 1 6 1 0 1 6 3 1 0 3 5 0 1 0 1 4 2 1 9 11 2 0 4 2 2 0 6 8 5 3 1 4 3 0 1 1 2 1 1 3 0 1 9 10 9 11 17 16 0 7 11 5 5 14 21 1 0 7 18 11 11 6 1 2 25 12 7 6 9 5 7 12 10 14 6 4 7 12 13 7 4 6 19 6 3 2 5 5 0 0 0 0
0 0 2 0 2 4 0 1 2 0 0 1 0 0 2 3 2 2 1 4 0 0 5 0 1 0 5 10 0 0 0 4 4 5 3 14 10 3 0 0 0 0 0 1 0 0 0 1 2 1 6 10 2 1 8 4 3 4 8 9 7 1 11 17 5 3 8 6 36 9 12 10 12 9 2 2 4 13 3 13 17 14 18 10 8 11 19 11 6 1 1 0 0 0 0 0
0 4 3 3 2 2 1 6 0 1 0 1 2 1 2 2 9 11 5 1 20 4 2 0 0 0 2 0 0 0 0 0 0 0 1 10 7 2 0 2 2 2 0 0 2 1 1 1 0 3 11 19 19 12 8 1 0 5 6 11 10 6 2 13 15 11 2 1 3 25 5 3 7 4 2 4 5 10 7 5 7 16 9 7 10 6 8 14 19 6 0 0 0 0 0 0
0 7 0 3 1 1 8 9 4 2 0 0 2 3 3 4 9 10 11 16 22 8 0 0 0 0 0 0 0 0 0 0 0 0 0 0 3 1 2 0 3 0 0 3 0 1 2 0 7 3 4 2 3 3 7 1 6 4 14 12 11 3 3 3 2 1 2 9 13 4 25 5 6 3 0 4 11 11 4 6 5 3 4 7 10 8 8 13 13 0 0 0 0 0 0 0
4 10 0 4 10 1 1 3 2 4 6 1 6 4 13 8 13 11 3 1 0 0 0 0 0 0 0 0 0 0 0 0 0 0 0 0 0 0 0 1 7 3 2 2 3 2 4 1 11 10 8 5 2 4 6 6 0 1 5 16 8 12 0 0 0 3 0 2 10 15 20 4 1 0 0 0 4 10 10 13 11 7 8 14 8 0 9 10 9 0 0 0 0 0 0 0
6 11 5 7 0 4 5 0 4 2 3 2 6 4 10 28 8 1 3 0 0 0 0 0 0 0 0 0 0 0 0 0 0 0 0 0 0 0 1 3 3 7 6 1 5 9 1 1 1 5 6 8 2 4 2 1 7 8 0 7 16 2 0 0 0 2 7 7 14 27 16 16 5 4 6 2 1 1 4 6 0 0 2 7 16 6 6 16 0 0 0 0 0 0 0 0
11 13 20 7 3 0 6 13 2 8 8 7 9 15 7 18 5 0 0 0 0 0 0 0 0 0 0 0 0 0 0 0 0 0 0 0 0 0 0 6 7 2 10 3 0 0 0 0 2 0 2 0 4 0 2 0 3 4 0 3 5 13 1 0 5 3 7 13 20 18 13 6 2 1 5 0 0 3 1 0 0 0 0 0 0 1 5 1 0 0 0 0 0 0 0 0
6 7 6 0 5 2 9 5 8 13 10 0 4 1 4 3 0 0 0 0 0 0 0 0 0 0 0 0 0 0 0 0 0 0 0 0 0 0 0 0 5 8 7 2 0 0 0 0 0 0 0 1 2 7 5 3 4 13 3 10 18 14 4 5 21 8 10 11 5 3 2 3 0 4 2 0 0 2 1 3 6 2 2 0 1 5 1 0 0 0 0 0 0 0 0 0
15 13 17 1 4 15 4 9 19 21 11 3 0 0 0 0 0 0 0 0 0 0 0 0 0 0 0 0 0 0 0 0 0 0 0 0 0 0 0 0 0 4 0 0 0 0 0 0 0 0 1 2 3 5 2 2 4 12 5 17 4 3 1 1 1 0 0 2 0 2 3 0 0 2 2 0 1 11 4 1 4 0 0 4 5 9 3 0 0 0 0 0 0 0 0 0
1 1 6 14 0 14 27 12 5 5 5 0 0 0 0 0 0 0 0 0 0 0 0 0 0 0 0 0 0 0 0 0 0 0 0 0 0 0 0 0 0 0 0 0 0 0 0 0 0 0 0 0 0 0 3 0 0 0 2 4 0 0 0 0 1 0 0 0 1 0 3 0 0 1 0 4 5 1 5 5 16 3 4 4 8 12 0 0 0 0 0 0 0 0 0 0
8 8 9 6 8 17 20 11 14 6 2 0 0 0 0 0 0 0 0 0 0 0 0 0 0 0 0 0 0 0 0 0 0 0 0 0 0 0 0 0 0 0 0 0 0 0 0 0 0 0 0 0 0 0 0 0 1 1 1 0 2 0 0 1 0 1 1 1 1 0 1 0 0 0 0 10 10 9 5 7 8 7 1 2 10 22 4 0 0 0 0 0 0 0 0 0
2 0 3 14 22 18 13 15 10 10 4 0 0 0 0 0 0 0 0 0 0 0 0 0 0 0 0 0 0 0 0 0 0 0 0 0 0 0 0 0 0 0 0 0 0 0 0 0 0 0 0 0 0 0 0 0 0 0 0 0 8 5 1 0 0 6 7 10 9 1 0 0 0 2 7 21 19 4 4 6 18 12 11 8 5 6 14 0 0 0 0 0 0 0 0 0
5 3 0 8 13 16 11 6 16 14 5 4 0 0 0 0 0 0 0 0 0 0 0 0 0 0 0 0 0 0 0 0 0 0 0 0 0 0 0 0 0 0 0 0 0 0 0 0 0 0 0 0 0 0 0 0 0 0 0 6 19 16 3 8 11 7 14 1 1 0 0 0 3 3 21 4 5 6 0 3 2 8 5 11 4 6 20 1 0 0 0 0 0 0 0 0
3 0 0 19 27 18 14 17 3 4 12 14 0 0 0 0 0 0 0 0 0 0 0 0 0 0 0 0 0 0 0 0 0 0 0 0 0 0 0 0 0 0 0 0 0 0 0 0 0 0 0 0 0 0 0 0 0 0 1 18 9 0 0 12 17 35 54 33 19 8 10 0 0 1 5 0 0 0 0 0 0 1 13 4 4 5 8 11 0 0 0 0 0 0 0 0
6 7 3 3 14 22 15 16 7 5 10 0 0 0 0 0 0 0 0 0 0 0 0 0 0 0 0 0 0 0 0 0 0 0 0 0 0 0 0 0 0 0 0 0 0 0 0 0 0 0 0 0 0 0 0 0 0 0 0 3 8 0 0 0 8 41 63 33 5 1 0 0 0 1 0 0 0 0 0 0 0 0 0 0 0 0 6 4 7 0 0 0 0 0 0 0
4 19 0 1 5 9 0 6 13 5 11 20 0 0 0 0 0 0 0 0 0 0 0 0 0 0 0 0 0 0 0 0 0 0 0 0 0 0 0 0 0 0 0 0 0 0 0 0 0 0 0 0 0 0 0 0 0 0 0 0 0 0 0 0 0 5 10 1 0 0 0 0 0 0 0 0 0 0 0 0 0 0 0 0 0 0 0 0 0 0 0 0 0 0 0 0
9 9 10 7 2 2 10 9 4 14 5 7 2 0 0 0 0 0 0 0 0 0 0 0 0 0 0 0 0 0 0 0 0 0 0 0 0 0 0 0 0 0 0 0 0 0 0 0 0 0 0 0 0 0 0 0 0 0 0 0 0 0 0 0 0 0 0 0 0 0 0 0 0 0 0 0 0 0 0 0 0 0 0 0 0 0 0 0 0 0 0 0 0 0 0 0
12 3 7 17 10 2 8 14 1 2 3 5 19 0 0 0 0 0 0 0 0 0 0 0 0 0 0 0 0 0 0 0 0 0 0 0 0 0 0 0 0 0 0 0 0 0 0 0 0 0 0 0 0 0 0 0 0 0 0 0 0 0 0 0 0 0 0 0 0 0 0 0 0 0 0 0 0 0 0 0 0 0 0 0 0 0 0 0 0 0 0 0 0 0 0 0
3 1 2 25 0 4 2 1 1 8 9 16 17 12 3 1 0 0 0 0 0 0 0 0 0 0 0 0 0 0 0 0 0 0 0 0 0 0 0 0 0 0 0 0 0 0 0 0 0 0 0 0 0 0 0 0 0 0 0 0 0 0 0 0 0 0 0 0 0 0 0 0 0 0 0 0 0 0 0 0 0 0 0 0 0 0 0 0 0 0 0 0 0 0 0 0
4 8 8 18 4 1 3 4 2 3 2 1 6 13 25 22 0 0 0 0 0 0 0 0 0 0 0 0 0 0 0 0 0 0 0 0 0 0 0 0 0 0 0 0 0 0 0 0 0 0 0 0 0 0 0 0 0 0 0 0 0 0 0 0 0 0 0 0 0 0 0 0 0 0 0 0 0 0 0 0 0 0 0 0 0 0 0 0 0 0 0 0 0 0 0 0
2 4 22 30 10 7 1 1 6 0 6 5 17 23 32 14 8 0 0 0 0 0 0 0 0 0 0 0 0 0 0 0 0 0 0 0 0 0 0 0 0 0 0 0 0 0 0 0 0 0 0 0 0 0 0 0 0 0 0 0 0 0 0 0 0 0 0 0 0 0 0 0 0 0 0 0 0 0 0 0 0 0 0 0 0 0 0 0 0 0 0 0 0 0 0 0
8 8 17 8 10 1 0 0 0 4 2 0 3 39 41 34 5 1 0 0 0 0 0 0 0 0 0 0 0 0 0 0 0 0 0 0 0 0 0 0 0 0 0 0 0 0 0 0 0 0 0 0 0 0 0 0 0 0 0 0 0 0 0 0 0 0 0 0 0 0 0 0 0 0 0 0 0 0 0 0 0 0 0 0 0 0 0 0 0 0 0 0 0 0 0 0
17 14 11 3 4 3 1 1 2 2 1 4 7 25 38 53 33 27 2 0 0 0 0 0 0 0 0 0 0 0 0 2 0 0 0 0 0 0 0 0 0 0 0 0 0 0 0 0 0 0 0 0 0 0 0 0 0 0 0 0 0 0 0 0 0 0 0 0 0 0 0 0 0 0 0 0 0 0 0 0 0 0 0 0 0 0 0 0 0 0 0 0 0 0 0 0
12 7 2 2 0 0 0 3 0 1 1 6 10 8 34 25 34 46 28 26 13 2 0 0 0 0 0 0 0 0 0 7 0 0 0 0 0 0 0 0 0 8 0 0 1 0 0 0 0 0 0 0 0 0 0 0 0 0 0 0 0 0 0 0 0 0 0 0 0 0 0 0 0 0 0 0 0 0 0 0 0 0 0 0 0 0 0 0 0 0 0 0 0 0 0 0
18 13 2 0 1 0 5 6 4 6 5 3 0 0 2 8 26 46 47 51 43 13 0 0 0 0 0 0 0 2 0 2 0 4 0 0 0 0 0 2 0 0 0 0 0 0 0 0 0 0 0 0 0 0 0 0 0 0 0 0 0 0 0 0 0 0 0 0 0 0 0 0 0 0 0 0 0 0 0 0 0 0 0 0 0 0 0 0 0 0 0 0 0 0 0 0
10 5 6 6 2 5 2 8 5 5 4 0 0 0 0 3 3 12 12 21 41 65 24 1 0 0 1 0 0 5 0 0 25 28 1 0 0 0 0 0 0 0 0 0 0 2 0 0 0 0 0 0 0 0 0 0 0 0 0 0 0 0 0 0 0 0 0 0 0 0 0 0 0 0 0 0 0 0 0 0 0 0 0 0 0 0 0 0 0 0 0 0 0 0 0 0
3 11 10 4 9 9 3 0 0 0 2 0 4 0 0 2 0 6 15 7 16 34 30 18 13 5 1 18 12 9 0 0 1 0 0 0 0 0 0 0 0 0 0 0 0 0 0 0 0 0 0 0 0 0 0 0 0 0 0 0 0 0 0 0 0 0 0 0 0 0 0 0 0 0 0 0 0 0 0 0 0 0 0 0 0 0 0 0 0 0 0 0 0 0 0 0
2 10 10 10 3 0 0 0 1 2 0 2 5 0 7 8 1 2 3 0 10 15 4 6 27 20 17 8 27 13 0 0 0 1 1 0 0 0 0 0 0 0 0 0 0 2 0 0 0 0 0 0 0 0 0 0 0 0 0 0 0 0 0 0 0 0 0 0 0 0 0 0 0 0 0 0 0 0 0 0 0 0 0 0 0 0 0 0 0 0 0 0 0 0 0 0
1 5 4 2 8 3 10 5 2 2 1 7 0 2 2 5 2 0 0 4 12 38 9 1 3 23 7 2 8 0 0 0 18 10 0 0 0 0 0 1 0 0 0 2 0 3 0 0 0 0 0 0 0 0 0 0 0 0 0 0 0 0 0 0 0 0 0 0 0 0 0 0 0 0 0 0 0 0 0 0 0 0 0 0 0 0 0 0 0 0 0 0 0 0 0 0
0 5 3 5 7 7 11 8 4 2 5 1 3 13 6 13 4 0 0 8 22 27 3 0 1 2 1 0 3 3 0 0 0 1 0 0 0 0 0 0 2 0 0 0 0 2 0 0 0 0 0 0 0 0 0 0 0 0 0 0 0 0 0 0 0 0 0 0 0 0 0 0 0 0 0 0 0 0 0 0 0 0 0 0 0 0 0 0 0 0 0 0 0 0 0 0
10 2 3 6 2 5 1 4 4 14 6 10 2 16 20 14 5 3 6 6 31 19 1 1 0 0 0 0 0 4 0 1 0 0 0 0 10 27 9 15 5 0 2 0 0 0 0 0 0 0 0 0 0 0 0 0 0 0 0 0 0 0 0 0 0 0 0 0 0 0 0 0 0 0 0 0 0 0 0 0 0 0 0 0 0 0 0 0 0 0 0 0 0 0 0 0
0 10 2 10 0 0 0 1 6 22 23 2 9 0 9 9 20 17 31 27 30 18 0 0 0 0 0 0 0 1 1 1 10 22 41 38 34 26 13 17 1 0 1 0 4 0 0 0 0 0 0 0 0 0 0 0 0 0 0 0 0 0 0 0 0 0 0 0 0 0 0 0 0 0 0 0 0 0 0 0 0 0 0 0 0 0 0 0 0 0 0 0 0 0 0 0
10 15 1 2 1 0 0 0 31 35 26 10 0 5 24 32 39 23 6 35 52 14 2 2 0 2 17 36 46 56 49 41 26 28 15 10 10 3 8 3 0 2 0 0 0 0 0 0 0 0 0 0 0 0 0 0 0 0 0 0 0 0 0 0 0 0 0 0 0 0 0 0 0 0 0 0 0 0 0 0 0 0 0 0 0 0 0 0 0 0 0 0 0 0 0 0
20 26 6 7 8 5 0 19 50 36 43 49 17 35 30 50 62 66 71 39 30 25 13 27 21 36 35 31 50 27 32 13 4 7 8 6 4 2 11 4 0 0 0 3 2 0 1 0 0 0 0 0 0 0 0 0 0 0 0 0 0 0 0 0 0 0 0 0 0 0 0 0 0 0 0 0 0 0 0 0 0 0 0 0 0 0 0 0 0 0 0 0 0 0 0 0
49 41 39 23 38 38 30 42 56 47 52 39 22 50 69 51 62 57 40 28 13 20 3 4 12 17 0 5 5 12 19 8 0 7 5 6 4 7 20 1 1 0 1 0 0 7 8 5 0 0 0 0 0 0 0 0 0 0 0 0 0 0 0 0 0 0 0 0 0 0 0 0 0 0 0 0 0 0 0 0 0 0 0 0 0 0 0 0 0 0 0 0 0 0 0 0
43 54 40 15 37 41 57 57 53 28 60 35 47 34 28 45 24 31 26 11 2 1 0 0 1 14 25 0 10 5 3 1 2 2 4 2 8 13 15 6 10 5 0 0 0 0 0 0 0 0 0 0 0 0 0 0 0 0 0 0 0 0 0 0 0 0 0 0 0 0 0 0 0 0 0 0 0 0 0 0 0 0 0 0 0 0 0 0 0 0 0 0 0 0 0 0
56 32 59 42 30 35 21 18 29 31 22 9 12 9 2 14 25 37 3 5 15 6 1 1 2 5 19 4 5 11 1 0 1 2 9 11 16 8 10 19 1 2 1 0 0 0 0 0 0 0 0 0 0 0 0 0 0 0 0 0 0 0 0 0 0 0 0 0 0 0 0 0 0 0 0 0 0 0 0 0 0 0 0 0 0 0 0 0 0 0 0 0 0 0 0 0
