REKUR/landusedata/lu_wald.asc
ncols 590
nrows 258
xllcorner -2864291
yllcorner     200792
cellsize      10000
NODATA_value  -9999
[rows 0 to 73 of 258, columns 288 to 383 of 590]
0 0 0 0 0 0 0 0 0 0 0 0 0 0 0 0 0 0 0 0 0 0 0 0 0 0 0 0 0 0 0 0 0 0 0 0 0 0 0 0 0 0 0 0 0 0 0 0 0 0 0 0 0 0 0 0 0 0 0 0 0 0 0 0 0 0 0 0 0 0 0 0 0 0 0 0 0 0 0 0 0 0 0 0 0 0 0 0 0 0 0 0 0 0 0 0
0 0 0 0 0 0 0 0 0 0 0 0 0 0 0 0 0 0 0 0 0 0 0 0 0 0 0 0 0 0 0 0 0 0 0 0 0 0 0 0 0 0 0 0 0 0 0 0 0 0 0 0 0 0 0 0 0 0 0 0 0 0 0 0 0 0 0 0 0 0 0 0 0 0 0 0 0 0 0 0 0 0 0 0 0 0 0 0 0 0 0 0 0 0 0 0
0 0 0 0 0 0 0 0 0 0 0 0 0 0 0 0 0 0 0 0 0 0 0 0 0 0 0 0 0 0 0 0 0 0 0 0 0 0 0 0 0 0 0 0 0 10 18 16 0 0 0 0 0 0 0 0 0 0 0 0 0 0 0 0 0 0 0 0 0 0 0 0 0 0 0 0 0 0 0 0 0 0 0 0 0 0 0 0 0 0 0 0 0 0 0 0
0 0 0 0 0 0 0 0 0 0 0 0 0 0 0 0 0 0 0 0 0 0 0 0 0 0 0 0 0 0 0 0 0 0 0 0 0 0 0 0 0 0 2 28 39 48 36 27 2 2 1 0 0 0 0 0 0 0 0 0 0 0 0 0 0 0 0 0 0 0 0 0 0 0 0 2 5 2 11 2 0 0 0 0 0 0 0 0 0 0 0 0 0 0 0 0
0 0 0 0 0 0 0 0 0 0 0 0 0 0 0 0 0 0 0 0 0 0 0 0 0 0 0 0 0 0 0 0 0 0 0 0 0 0 0 0 22 12 30 35 30 37 54 71 7 0 15 3 0 0 0 0 0 0 0 0 0 0 0 0 0 0 0 0 0 0 0 0 2 18 35 46 36 13 16 15 4 2 0 0 0 0 0 0 0 0 0 0 0 0 0 0
0 0 0 0 0 0 0 0 0 0 0 0 0 0 0 0 0 0 0 0 0 0 0 0 0 0 0 0 0 0 0 0 0 0 0 0 0 0 3 18 21 34 22 19 31 66 34 57 47 7 0 0 0 0 0 0 5 1 7 11 15 14 20 8 7 7 9 5 17 20 12 22 43 23 28 16 10 9 11 19 27 18 8 0 0 0 0 0 0 0 0 0 0 0 0 0
0 0 0 0 0 0 0 0 0 0 0 0 0 0 1 2 0 0 0 0 0 0 0 0 0 0 0 0 0 0 0 0 0 0 0 0 5 25 24 48 38 20 14 42 64 54 36 34 27 39 1 0 0 0 4 9 8 16 19 19 19 23 16 31 8 11 30 12 6 28 6 27 46 75 20 10 23 5 10 39 42 51 51 0 0 0 0 0 0 0 0 0 0 0 0 0
0 0 0 0 0 0 0 0 0 0 0 0 0 0 4 10 1 8 0 0 0 0 0 0 0 0 0 0 0 0 0 0 0 0 0 2 16 12 24 15 23 34 32 66 52 46 30 24 10 31 5 8 11 18 11 10 47 48 32 16 21 25 27 8 20 13 6 4 2 26 14 19 24 43 35 15 12 18 39 56 78 78 80 0 0 0 0 0 0 0 0 0 0 0 0 0
0 0 0 0 0 0 0 0 0 0 0 0 0 0 3 3 11 16 0 0 0 0 0 0 0 0 0 0 0 0 0 0 0 0 2 18 37 27 15 27 60 49 55 63 17 13 12 45 51 32 2 0 1 0 0 23 20 32 22 24 28 46 33 10 14 15 1 19 6 33 13 7 12 19 23 19 16 30 10 61 85 97 81 15 0 0 0 0 0 0 0 0 0 0 0 0
0 0 0 0 0 0 0 0 0 24 25 10 3 6 3 15 24 19 0 0 0 0 0 0 0 0 0 0 0 0 0 0 0 0 13 27 25 32 66 56 32 64 59 47 50 22 48 25 46 30 9 0 0 0 1 0 15 13 23 19 24 6 56 34 7 29 30 21 10 27 17 11 31 23 20 34 13 21 8 22 60 50 28 3 0 0 0 0 0 0 0 0 0 0 0 0
0 0 0 0 0 0 0 0 0 4 23 8 8 1 1 11 12 7 4 0 0 0 0 0 0 0 0 0 0 0 0 5 0 12 28 59 47 68 49 86 83 60 23 35 70 72 23 23 22 22 25 8 0 3 0 5 12 12 34 25 20 8 25 9 30 30 28 28 18 16 8 32 25 44 33 35 28 25 15 35 28 15 2 11 5 0 0 0 0 0 0 0 0 0 0 0
1 0 0 0 0 0 0 3 41 8 12 19 33 20 2 3 0 0 1 0 0 0 0 0 0 0 0 0 4 9 12 18 18 16 18 73 64 51 57 68 69 28 53 79 66 56 75 7 28 22 34 7 26 10 11 7 4 9 32 17 26 22 37 38 32 39 20 35 15 75 65 21 28 60 32 22 8 27 45 30 7 14 27 20 12 0 0 0 0 0 0 0 0 0 0 0
4 0 0 0 0 2 5 14 39 30 16 18 20 20 11 10 3 11 15 4 0 0 0 0 0 2 10 15 13 10 27 21 16 20 55 72 60 46 60 42 43 52 42 80 47 54 77 83 45 12 14 10 15 22 11 21 46 9 17 76 63 40 48 19 31 49 25 53 69 64 67 82 15 21 31 5 28 47 30 9 6 0 34 13 15 4 0 0 0 0 0 0 0 0 0 0
0 0 0 0 6 21 13 2 7 26 17 16 6 8 6 13 27 34 10 7 17 0 0 4 12 13 36 11 14 21 38 28 30 41 55 61 47 50 63 28 57 91 55 82 50 53 40 60 80 53 19 19 11 33 31 16 53 62 44 44 34 76 67 84 73 18 38 55 50 77 82 71 23 19 19 19 23 37 25 9 7 10 63 24 24 8 0 0 0 0 0 0 0 0 0 0
8 2 0 5 5 10 3 6 13 14 10 12 19 26 11 3 0 21 21 16 19 21 21 62 9 18 39 26 20 43 61 46 61 29 55 50 27 38 48 60 90 40 47 68 66 82 72 69 73 80 54 16 19 22 20 12 9 32 22 8 23 48 38 76 85 50 60 50 33 32 31 21 30 9 23 12 11 20 30 11 32 77 71 92 80 41 21 0 0 0 0 0 0 0 0 0
7 11 6 2 16 13 5 15 10 8 10 7 13 19 9 5 10 2 10 19 1 20 8 6 23 51 38 45 30 36 44 25 12 19 45 40 28 21 22 78 45 50 45 22 5 30 80 77 72 74 82 17 42 22 2 13 17 52 20 19 17 12 28 59 94 83 71 51 45 20 22 34 38 16 19 33 15 13 45 18 18 33 26 85 67 66 68 1 0 0 0 0 0 0 0 0
7 7 3 20 27 28 31 3 30 13 14 24 10 9 7 22 14 16 6 53 18 27 5 4 45 68 63 19 34 40 35 28 31 32 23 53 57 47 26 40 42 25 19 28 8 9 60 56 49 51 49 40 12 9 5 6 55 2 17 11 11 12 6 13 55 46 56 42 23 37 31 25 49 28 10 25 10 16 28 17 16 25 18 43 74 36 51 12 0 0 0 0 0 0 0 0
10 8 14 5 13 32 20 15 32 20 12 22 12 15 9 3 10 12 10 23 61 59 81 45 37 78 55 22 18 17 20 46 8 52 38 27 53 42 66 48 67 27 28 41 18 14 62 36 20 28 10 10 30 0 2 10 54 24 0 30 40 31 17 23 4 68 25 31 40 24 29 48 30 26 11 28 14 23 16 23 17 26 13 17 30 47 36 19 0 0 0 0 0 0 0 0
12 8 12 22 49 32 28 33 55 48 21 22 20 8 10 6 6 11 19 47 40 33 55 62 14 45 40 21 19 33 30 56 31 31 56 65 76 62 33 46 28 18 62 34 15 7 52 32 0 8 5 7 1 10 10 4 14 21 34 64 15 21 20 34 16 28 26 42 33 47 54 17 10 11 18 59 13 35 25 17 14 20 18 26 26 30 62 76 4 0 0 0 0 0 0 0
16 15 17 30 28 10 17 10 19 41 30 29 36 15 15 24 10 9 7 0 14 19 30 20 12 51 60 8 20 17 42 61 64 77 63 70 36 82 93 61 10 33 47 19 11 10 4 71 3 6 1 0 1 12 6 48 16 3 37 82 26 16 30 10 9 5 11 17 36 11 40 40 21 10 18 42 8 13 9 10 21 26 22 5 10 0 94 81 19 0 0 0 0 0 0 0
22 19 56 20 11 35 15 13 22 42 13 2 47 56 54 15 24 17 7 0 1 6 4 6 43 72 26 3 10 23 32 53 66 53 44 34 57 35 57 86 27 16 8 7 10 10 23 53 31 54 7 0 10 24 31 14 3 5 21 18 2 15 14 13 16 8 3 4 20 37 19 42 10 23 40 2 7 4 10 23 22 15 21 12 8 35 93 59 0 0 0 0 0 0 0 0
23 35 31 34 48 33 20 20 19 18 11 13 42 47 68 69 40 24 23 4 0 2 7 11 26 14 0 1 21 31 28 39 51 88 86 47 49 2 41 76 49 10 15 17 16 35 42 53 61 47 43 47 16 14 1 0 14 25 28 10 15 12 19 28 31 4 2 1 3 28 21 19 61 51 54 20 24 18 13 22 51 21 22 13 39 56 21 0 0 0 0 0 0 0 0 0
45 54 21 41 20 2 16 9 4 9 50 48 52 40 74 60 81 39 25 12 9 14 22 19 35 10 0 1 15 17 5 29 80 90 71 69 90 36 45 36 17 20 38 18 30 39 53 27 58 50 67 47 47 48 35 3 16 39 35 12 8 26 17 14 40 14 8 1 14 34 20 37 55 50 30 27 31 29 30 27 17 36 34 46 46 10 0 0 0 0 0 0 0 0 0 0
22 22 46 46 25 15 15 15 15 32 33 36 50 81 72 63 44 53 51 37 7 18 21 56 28 27 9 17 19 15 25 49 33 72 71 64 57 44 36 83 46 38 5 4 12 5 15 12 5 3 12 17 16 10 62 30 23 37 21 10 8 4 6 15 18 40 20 6 14 30 18 26 41 44 32 56 27 14 27 11 5 22 46 46 15 0 0 0 0 0 0 0 0 0 0 0
26 30 31 25 31 26 36 10 18 22 44 44 74 60 24 15 53 74 71 56 19 18 40 31 29 34 17 13 35 74 29 33 51 81 52 55 40 23 13 47 16 33 26 0 0 2 11 25 3 0 11 14 3 0 29 30 4 10 11 1 0 2 5 2 3 18 18 9 15 30 14 24 40 18 16 34 23 21 20 12 16 17 44 76 21 0 0 0 0 0 0 0 0 0 0 0
13 11 33 75 9 2 38 28 13 9 35 28 23 43 21 13 26 76 74 45 47 36 30 25 49 44 32 30 84 91 75 24 27 43 47 51 79 67 30 16 10 25 22 23 17 10 27 7 3 1 1 6 2 3 23 60 36 55 30 5 1 1 6 2 19 11 18 28 27 33 19 17 18 36 7 13 23 17 6 21 16 16 38 38 3 3 0 0 0 0 0 0 0 0 0 0
32 11 16 33 25 25 1 38 39 12 14 0 1 17 79 26 41 53 65 66 42 14 45 74 20 64 68 50 38 16 32 15 68 83 93 94 55 52 69 72 46 35 48 10 4 45 38 5 7 26 6 0 3 6 3 5 31 61 66 45 18 20 18 9 5 12 26 21 25 37 19 13 32 28 9 14 14 17 11 27 17 12 8 13 32 21 17 1 0 0 0 0 0 0 0 0
20 8 15 16 4 9 2 15 8 12 38 20 8 10 28 30 58 70 42 23 51 22 0 14 55 31 56 48 15 13 35 87 70 68 62 27 16 31 3 4 28 30 63 3 4 2 20 12 20 32 10 0 22 1 6 10 6 4 47 43 19 15 20 34 30 68 63 57 24 0 48 39 24 21 24 26 19 8 12 19 7 15 16 14 21 28 49 14 0 0 0 0 0 0 0 0
19 17 17 17 11 11 6 33 32 26 40 13 6 31 50 38 28 12 8 32 68 15 28 1 15 27 7 18 55 94 74 54 41 42 32 25 19 8 13 2 20 39 40 21 40 11 1 27 30 1 12 20 9 7 5 12 8 12 8 11 6 0 5 3 6 7 4 1 0 0 20 40 28 28 28 21 23 14 17 17 11 23 39 67 25 25 31 28 0 0 0 0 0 0 0 0
22 42 40 13 21 6 12 14 62 43 49 38 17 0 30 32 0 1 5 31 20 50 24 10 0 8 46 65 66 49 32 60 62 54 81 29 6 9 10 15 7 11 6 10 39 13 0 24 5 15 15 14 20 19 4 3 6 7 6 0 0 0 1 6 5 1 0 10 23 14 15 35 44 23 14 11 32 50 48 13 28 18 22 39 27 37 30 12 0 0 0 0 0 0 0 0
5 14 50 60 28 28 25 18 37 20 31 8 4 6 43 42 0 0 38 50 70 19 22 25 4 27 24 52 56 66 53 47 56 60 70 56 41 18 1 15 27 34 10 7 8 2 9 2 2 6 10 10 17 9 8 8 3 0 5 6 5 5 8 28 47 28 25 26 12 27 33 12 44 40 15 19 15 19 6 18 16 27 12 12 11 15 34 15 0 0 0 0 0 0 0 0
6 11 20 55 40 33 41 28 45 37 33 10 20 19 42 29 10 2 41 65 72 54 70 35 20 67 77 55 78 70 45 30 28 41 39 36 37 25 6 11 36 35 27 5 20 38 7 24 6 15 15 36 27 10 6 5 7 0 2 13 29 14 19 17 35 35 15 33 17 6 13 10 27 43 29 20 15 20 19 12 31 17 17 26 12 10 38 19 0 0 0 0 0 0 0 0
25 39 43 45 45 15 17 46 18 16 50 35 66 84 43 23 19 10 23 47 40 40 30 67 83 22 60 79 87 91 68 19 44 33 33 40 33 6 9 4 7 13 23 34 22 25 9 42 54 18 17 37 14 28 13 16 4 7 30 14 22 20 23 7 9 25 10 5 8 3 17 23 17 52 26 16 18 26 28 11 14 23 12 30 28 34 53 51 12 0 0 0 0 0 0 0
45 22 4 1 3 20 38 51 48 45 70 49 42 34 27 43 28 41 68 79 66 60 19 35 74 32 50 62 72 82 72 52 23 43 38 25 15 15 13 2 12 9 13 30 17 32 23 13 43 45 34 41 14 21 21 30 17 35 24 15 12 15 19 10 9 23 2 6 5 5 15 37 45 30 26 34 25 15 23 19 30 22 16 37 45 53 57 71 73 13 0 0 0 0 0 0
4 12 0 0 0 15 1 31 25 65 59 28 42 37 40 36 50 60 82 73 48 34 23 63 63 32 35 60 37 47 55 57 46 34 60 56 37 22 29 9 15 21 14 20 9 7 2 6 17 2 6 16 8 4 9 10 21 16 11 0 17 33 39 18 32 13 9 8 25 20 26 35 20 54 28 18 21 50 26 5 20 18 22 13 25 23 5 33 44 3 0 0 0 0 0 0
1 4 3 1 0 11 15 10 15 61 77 60 23 34 24 33 51 77 50 40 51 56 63 56 77 52 26 82 69 79 64 60 67 48 59 43 28 49 22 36 10 7 1 24 13 0 39 27 4 0 8 4 2 1 43 31 18 31 8 12 15 7 20 54 63 31 34 54 28 11 4 11 46 56 45 8 7 36 13 10 13 39 22 4 6 8 13 19 36 15 0 0 0 0 0 0
12 0 2 1 0 0 7 25 17 46 50 32 34 15 30 30 23 32 25 22 18 16 27 35 27 45 31 54 40 78 55 48 33 39 69 58 46 8 29 26 19 26 4 7 21 8 17 10 14 5 11 10 0 0 10 32 10 20 47 32 15 8 20 31 60 59 43 23 19 14 13 5 8 20 33 8 26 31 9 4 2 0 10 8 17 5 12 13 10 16 16 2 0 0 0 0
21 2 14 3 1 6 1 15 27 26 26 12 3 10 26 19 32 64 70 25 23 21 26 22 27 15 72 75 46 46 52 18 14 31 18 7 38 19 17 22 22 20 5 17 34 46 27 13 27 20 30 52 38 21 10 15 13 30 19 20 4 17 51 52 26 11 21 61 7 14 14 7 19 10 10 15 18 24 7 1 1 21 17 12 4 8 24 19 9 19 18 31 2 0 0 0
47 17 0 1 0 5 1 1 24 44 47 77 22 4 27 48 23 32 38 44 69 40 42 35 53 44 75 55 48 32 41 23 23 21 23 12 12 19 31 51 31 32 38 21 41 26 37 56 56 40 3 47 46 20 26 7 18 36 48 15 9 10 38 37 19 36 23 68 72 20 9 6 16 40 26 33 14 31 28 27 6 10 3 23 8 17 3 20 19 21 13 46 18 0 0 0
60 83 64 8 0 0 0 0 0 16 33 58 61 24 18 46 29 69 31 41 39 35 28 18 52 43 63 64 54 57 56 48 44 62 39 32 47 40 20 30 10 19 17 61 72 25 49 36 57 34 16 36 31 24 26 29 11 16 50 52 25 14 63 40 24 30 34 69 59 65 40 34 36 23 3 20 8 37 18 5 10 6 7 10 10 8 20 22 20 10 11 5 1 0 0 0
72 55 60 31 3 1 0 3 0 7 10 13 53 32 15 18 12 26 56 48 33 37 41 24 56 31 51 64 83 72 89 56 24 48 68 43 24 31 14 54 30 33 14 11 60 56 66 31 34 17 9 38 11 4 14 28 28 7 20 12 28 24 24 48 56 54 62 71 43 85 53 56 56 77 48 31 30 26 33 20 26 9 15 12 9 8 9 22 14 12 6 3 13 1 0 0
19 31 6 11 12 0 8 3 0 0 0 2 5 17 66 25 10 9 13 11 67 54 66 25 45 38 52 49 60 86 73 84 60 47 32 30 45 44 37 34 21 36 27 11 2 15 21 17 22 35 21 17 13 6 11 48 27 19 6 10 12 22 16 40 55 28 32 34 52 58 46 24 10 3 12 40 26 21 36 15 18 10 22 24 14 5 14 0 2 3 14 18 14 21 0 0
32 28 0 37 11 0 1 1 5 2 2 4 18 14 19 4 3 3 11 21 39 43 33 37 43 48 52 42 32 63 56 53 33 14 15 4 4 7 9 26 26 17 21 3 13 30 14 0 4 21 26 2 24 28 23 41 27 57 59 52 46 54 40 44 51 39 42 13 34 19 17 47 33 17 1 2 2 14 50 67 52 47 28 6 19 36 69 33 14 8 3 2 6 4 0 0
27 18 36 25 21 6 4 1 0 3 7 20 19 4 21 2 0 3 3 17 56 28 20 4 1 1 14 31 2 17 26 14 23 21 23 8 7 3 2 4 11 16 4 2 15 27 45 40 26 38 13 10 22 21 11 15 23 30 12 13 14 44 25 56 54 41 44 30 30 48 53 47 14 27 4 4 2 7 30 55 87 83 87 80 76 57 68 50 25 30 20 3 5 4 0 0
0 0 14 31 22 17 12 0 0 0 5 9 28 20 6 0 0 0 10 40 30 22 20 20 20 36 9 11 6 8 25 19 35 27 26 40 48 1 7 5 10 10 1 0 2 33 51 60 37 43 79 48 42 45 33 29 30 21 2 14 41 18 31 40 45 18 28 27 15 22 34 50 45 32 23 8 5 15 34 47 30 29 55 58 38 65 74 55 42 32 16 5 4 0 0 0
0 3 0 1 5 7 3 1 4 7 23 9 8 11 10 8 16 4 4 4 21 24 14 28 19 14 14 24 16 7 15 16 17 25 38 34 33 19 7 5 5 14 3 1 0 8 1 28 38 64 59 51 76 55 42 66 75 36 4 55 52 48 34 43 26 26 10 17 18 20 16 25 17 38 39 21 5 34 61 71 67 31 28 36 8 9 36 88 62 44 57 7 0 0 0 0
0 0 16 1 5 30 12 14 11 3 3 20 3 13 10 14 14 8 54 28 14 12 47 55 36 0 11 2 16 6 3 31 48 29 18 43 30 32 21 9 3 32 0 0 3 3 0 4 19 20 41 53 70 50 27 32 40 42 22 31 39 36 21 19 23 15 10 5 11 25 10 17 11 33 27 3 34 59 36 47 15 43 12 35 40 42 11 25 54 53 21 0 0 0 0 0
10 38 52 14 36 32 48 32 9 2 0 5 9 6 13 24 13 10 7 27 28 31 61 22 0 0 9 28 0 0 0 10 25 39 45 55 18 42 38 48 16 15 15 10 25 16 17 18 43 6 20 45 54 72 74 88 94 74 48 28 32 20 28 14 16 5 23 23 37 6 2 11 1 5 7 8 76 33 27 33 30 45 36 14 23 79 64 18 20 42 0 0 0 0 0 0
19 20 38 30 32 64 45 28 11 8 4 9 12 14 11 27 19 12 28 56 36 7 0 0 0 0 0 0 0 0 0 0 0 0 0 10 28 31 26 37 66 9 9 15 17 32 1 37 59 65 28 36 21 40 41 28 62 69 35 28 53 52 41 13 1 16 7 1 3 4 2 8 12 14 7 19 64 34 11 36 28 36 32 20 10 51 56 61 52 4 0 0 0 0 0 0
40 42 42 56 52 36 28 21 25 46 5 5 17 29 30 31 32 35 28 6 0 0 0 0 0 0 0 0 0 0 0 0 0 0 0 0 4 0 0 9 26 45 7 6 5 2 4 11 15 39 23 16 12 17 25 10 20 16 10 19 23 31 51 19 10 4 8 0 2 3 7 0 15 20 21 26 26 38 55 20 5 10 0 2 3 0 5 39 10 0 0 0 0 0 0 0
61 52 61 40 33 40 26 28 31 13 25 22 40 40 33 17 64 22 7 0 0 0 0 0 0 0 0 0 0 0 0 0 0 0 0 0 0 0 35 53 14 20 50 9 0 9 10 5 2 4 3 12 38 48 51 21 23 8 10 9 35 48 47 9 19 10 2 0 1 1 8 20 5 17 45 9 20 6 10 1 10 22 20 0 4 4 0 9 1 0 0 0 0 0 0 0
78 78 71 61 48 49 46 33 21 19 24 61 76 47 47 29 10 0 0 0 0 0 0 0 0 0 0 0 0 0 0 0 0 0 0 0 0 0 12 56 55 18 37 41 0 3 7 26 6 10 0 4 1 31 55 31 24 36 57 41 40 30 44 36 12 1 0 3 57 12 26 51 7 11 22 26 35 20 26 26 26 21 30 35 50 34 1 0 0 0 0 0 0 0 0 0
66 86 77 60 71 56 30 13 10 31 77 83 56 21 33 0 0 0 0 0 0 0 0 0 0 0 0 0 0 0 0 0 0 0 0 0 0 0 0 0 40 18 69 54 6 0 0 0 8 3 0 5 6 36 53 42 45 46 41 17 19 33 25 18 12 2 4 15 32 21 24 24 21 16 23 13 30 33 28 25 24 25 30 66 56 64 6 0 0 0 0 0 0 0 0 0
41 42 50 62 80 35 16 11 23 37 62 12 0 0 0 0 0 0 0 0 0 0 0 0 0 0 0 0 0 0 0 0 0 0 0 0 0 0 0 0 2 27 33 0 0 0 0 0 1 5 1 0 0 17 6 15 27 36 42 14 4 5 7 8 7 9 11 13 20 28 32 23 28 30 22 30 16 23 22 43 23 30 56 65 62 74 14 0 0 0 0 0 0 0 0 0
16 20 42 46 68 34 19 16 47 23 27 0 0 0 0 0 0 0 0 0 0 0 0 0 0 0 0 0 0 0 0 0 0 0 0 0 0 0 0 0 0 0 0 0 0 0 0 0 0 0 0 1 1 2 10 7 10 11 10 2 6 10 22 19 31 34 30 19 22 35 29 30 35 10 10 11 12 17 21 2 8 19 46 64 59 73 1 0 0 0 0 0 0 0 0 0
28 39 20 28 32 32 20 52 46 27 2 0 0 0 0 0 0 0 0 0 0 0 0 0 0 0 0 0 0 0 0 0 0 0 0 0 0 0 0 0 0 0 0 0 0 0 0 0 0 0 0 0 0 0 0 2 18 14 16 33 69 70 53 38 47 55 48 44 35 24 32 19 17 22 43 56 71 28 35 31 36 15 28 46 60 59 32 0 0 0 0 0 0 0 0 0
17 39 42 21 19 23 70 50 21 34 16 0 0 0 0 0 0 0 0 0 0 0 0 0 0 0 0 0 0 0 0 0 0 0 0 0 0 0 0 0 0 0 0 0 0 0 0 0 0 0 0 0 0 0 0 0 5 23 77 40 16 31 57 59 50 32 32 40 74 36 20 20 46 56 60 64 77 81 70 60 77 57 50 57 56 64 46 0 0 0 0 0 0 0 0 0
30 28 36 33 38 18 72 63 41 43 60 42 1 0 0 0 0 0 0 0 0 0 0 0 0 0 0 0 0 0 0 0 0 0 0 0 0 0 0 0 0 0 0 0 0 0 0 0 0 0 0 0 0 0 0 0 0 20 68 72 28 44 37 65 36 38 44 94 68 75 79 68 87 73 47 42 11 21 3 27 36 55 85 77 80 84 70 0 0 0 0 0 0 0 0 0
45 43 28 29 32 28 24 26 53 48 31 21 0 0 0 0 0 0 0 0 0 0 0 0 0 0 0 0 0 0 0 0 0 0 0 0 0 0 0 0 0 0 0 0 0 0 0 0 0 0 0 0 0 0 0 0 0 0 32 30 60 25 0 16 19 18 10 17 24 26 30 28 42 60 28 0 0 0 0 0 0 12 62 91 90 84 86 26 0 0 0 0 0 0 0 0
30 37 45 50 34 36 35 54 46 23 55 17 0 0 0 0 0 0 0 0 0 0 0 0 0 0 0 0 0 0 0 0 0 0 0 0 0 0 0 0 0 0 0 0 0 0 0 0 0 0 0 0 0 0 0 0 0 0 0 50 42 1 0 0 11 3 11 32 23 5 0 0 0 1 0 0 0 0 0 0 0 0 0 14 32 55 55 66 25 0 0 0 0 0 0 0
53 16 34 48 70 39 49 56 65 28 36 28 0 0 0 0 0 0 0 0 0 0 0 0 0 0 0 0 0 0 0 0 0 0 0 0 0 0 0 0 0 0 0 0 0 0 0 0 0 0 0 0 0 0 0 0 0 0 0 0 0 0 0 0 0 44 40 52 0 0 0 0 0 0 0 0 0 0 0 0 0 0 0 0 0 0 0 0 2 0 0 0 0 0 0 0
31 36 29 58 54 49 40 52 64 30 43 35 20 0 0 0 0 0 0 0 0 0 0 0 0 0 0 0 0 0 0 0 0 0 0 0 0 0 0 0 0 0 0 0 0 0 0 0 0 0 0 0 0 0 0 0 0 0 0 0 0 0 0 0 0 5 3 0 0 0 0 0 0 0 0 0 0 0 0 0 0 0 0 0 0 0 0 0 0 0 0 0 0 0 0 0
6 51 56 45 56 48 34 34 57 38 34 47 52 0 0 0 0 0 0 0 0 0 0 0 0 0 0 0 0 0 0 0 0 0 0 0 0 0 0 0 0 0 0 0 0 0 0 0 0 0 0 0 0 0 0 0 0 0 0 0 0 0 0 0 0 0 0 0 0 0 0 0 0 0 0 0 0 0 0 0 0 0 0 0 0 0 0 0 0 0 0 0 0 0 0 0
15 31 82 37 37 40 46 45 48 23 36 40 22 36 5 0 0 0 0 0 0 0 0 0 0 0 0 0 0 0 0 0 0 0 0 0 0 0 0 0 0 0 0 0 0 0 0 0 0 0 0 0 0 0 0 0 0 0 0 0 0 0 0 0 0 0 0 0 0 0 0 0 0 0 0 0 0 0 0 0 0 0 0 0 0 0 0 0 0 0 0 0 0 0 0 0
43 37 80 37 27 35 49 54 36 45 55 35 40 42 32 31 2 0 0 0 0 0 0 0 0 0 0 0 0 0 0 0 0 0 0 0 0 0 0 0 0 0 0 0 0 0 0 0 0 0 0 0 0 0 0 0 0 0 0 0 0 0 0 0 0 0 0 0 0 0 0 0 0 0 0 0 0 0 0 0 0 0 0 0 0 0 0 0 0 0 0 0 0 0 0 0
43 63 41 4 39 17 45 47 41 65 45 56 21 20 44 75 52 0 0 0 0 0 0 0 0 0 0 0 0 0 0 0 0 0 0 0 0 0 0 0 0 0 0 0 0 0 0 0 0 0 0 0 0 0 0 0 0 0 0 0 0 0 0 0 0 0 0 0 0 0 0 0 0 0 0 0 0 0 0 0 0 0 0 0 0 0 0 0 0 0 0 0 0 0 0 0
33 45 25 26 28 32 22 36 43 45 30 39 26 27 50 61 90 72 24 0 0 0 0 0 0 0 0 0 0 0 14 5 6 3 0 0 0 0 0 0 0 0 0 0 0 0 0 0 0 0 0 0 0 0 0 0 0 0 0 0 0 0 0 0 0 0 0 0 0 0 0 0 0 0 0 0 0 0 0 0 0 0 0 0 0 0 0 0 0 0 0 0 0 0 0 0
18 30 16 33 38 38 34 39 21 18 51 49 44 31 61 35 56 61 69 3 4 0 0 0 0 0 0 0 0 0 42 39 21 30 10 8 9 2 0 0 0 0 0 0 0 0 0 0 0 0 0 0 0 0 0 0 0 0 0 0 0 0 0 0 0 0 0 0 0 0 0 0 0 0 0 0 0 0 0 0 0 0 0 0 0 0 0 0 0 0 0 0 0 0 0 0
33 59 35 57 40 37 68 67 30 14 9 8 5 14 32 64 60 45 60 61 59 10 0 0 0 0 0 0 0 0 40 40 16 40 30 30 33 38 0 1 0 0 12 3 1 0 0 0 0 0 0 0 0 0 0 0 0 0 0 0 0 0 0 0 0 0 0 0 0 0 0 0 0 0 0 0 0 0 0 0 0 0 0 0 0 0 0 0 0 0 0 0 0 0 0 0
40 56 45 32 45 22 12 24 39 19 15 17 1 6 1 32 35 43 43 41 50 66 13 0 0 0 0 0 0 28 22 32 17 35 34 43 24 5 1 10 1 8 28 3 3 1 0 0 0 0 0 0 0 0 0 0 0 0 0 0 0 0 0 0 0 0 0 0 0 0 0 0 0 0 0 0 0 0 0 0 0 0 0 0 0 0 0 0 0 0 0 0 0 0 0 0
26 47 21 22 7 20 57 20 10 30 22 26 28 4 8 3 18 31 35 27 44 24 49 33 0 0 1 0 28 48 33 19 38 45 31 35 21 5 6 15 61 22 11 13 1 16 0 0 0 0 0 0 0 0 0 0 0 0 0 0 0 0 0 0 0 0 0 0 0 0 0 0 0 0 0 0 0 0 0 0 0 0 0 0 0 0 0 0 0 0 0 0 0 0 0 0
16 24 0 12 8 27 25 17 20 26 21 15 13 15 12 19 9 27 24 25 35 52 40 20 21 22 14 33 61 66 35 44 37 45 42 50 39 5 22 31 11 19 10 14 9 1 0 0 0 0 0 0 0 0 0 0 0 0 0 0 0 0 0 0 0 0 0 0 0 0 0 0 0 0 0 0 0 0 0 0 0 0 0 0 0 0 0 0 0 0 0 0 0 0 0 0
28 30 21 23 28 19 16 9 21 14 26 27 23 25 23 32 16 14 25 28 42 50 34 24 37 38 25 38 56 59 45 53 56 35 70 21 10 5 1 11 28 17 26 12 5 3 0 0 0 0 0 0 0 0 0 0 0 0 0 0 0 0 0 0 0 0 0 0 0 0 0 0 0 0 0 0 0 0 0 0 0 0 0 0 0 0 0 0 0 0 0 0 0 0 0 0
13 25 26 17 18 16 7 12 24 13 15 17 16 9 10 16 25 12 0 10 17 32 36 30 24 38 28 27 45 54 76 82 44 61 72 43 35 25 27 44 59 7 0 12 13 10 0 0 0 0 0 0 0 0 0 0 0 0 0 0 0 0 0 0 0 0 0 0 0 0 0 0 0 0 0 0 0 0 0 0 0 0 0 0 0 0 0 0 0 0 0 0 0 0 0 0
