REKUR/landusedata/lu_wald.asc
ncols 590
nrows 258
xllcorner -2864291
yllcorner     200792
cellsize      10000
NODATA_value  -9999
[rows 74 to 147 of 258, columns 192 to 287 of 590]
2 11 15 11 6 3 2 0 1 2 4 5 0 3 7 18 47 27 31 34 10 9 9 23 1 0 0 0 0 0 6 2 1 0 11 16 19 7 21 20 14 21 35 40 9 12 19 53 15 40 22 34 47 67 49 43 44 43 18 17 14 24 38 54 37 74 48 79 80 74 15 21 24 21 57 76 90 68 40 28 30 42 42 42 37 26 28 50 40 12 15 25 17 47 43 30
3 8 2 4 21 13 3 7 6 1 4 8 26 35 26 21 43 19 3 4 3 4 46 9 2 0 2 3 46 44 81 37 2 3 16 28 22 24 16 49 39 40 41 42 38 47 38 25 34 37 55 45 26 32 62 40 34 28 33 24 22 26 35 35 59 90 47 60 82 64 16 22 21 52 59 69 82 50 24 45 39 35 57 40 25 48 47 18 5 27 22 21 26 40 33 46
7 2 6 3 7 1 0 0 6 1 4 16 10 20 20 40 38 22 13 8 14 22 25 26 30 0 15 14 13 29 52 55 17 11 10 20 9 15 29 46 36 12 10 29 49 29 35 21 38 71 36 33 30 54 26 20 22 51 29 38 33 28 39 66 52 51 59 69 77 17 15 25 12 60 57 77 66 47 20 30 46 52 45 41 47 36 21 15 9 48 20 32 28 20 45 4
5 6 10 20 6 4 2 6 4 10 18 27 18 55 28 18 8 5 11 12 11 4 8 0 3 0 8 59 34 11 15 38 56 22 23 8 9 22 35 9 12 25 25 34 16 16 36 71 75 56 32 69 46 39 35 11 28 50 33 64 61 33 48 64 72 69 84 66 59 13 26 26 18 36 77 71 54 48 28 33 50 44 57 54 43 15 20 23 28 39 22 36 26 24 21 8
0 0 0 0 1 1 3 9 6 5 17 25 27 14 10 20 17 2 28 13 20 13 10 8 6 33 67 75 57 77 60 20 45 71 48 19 17 24 42 29 30 34 20 24 45 50 40 25 18 45 68 69 44 22 14 13 48 33 26 36 50 55 42 64 69 55 87 66 55 16 18 17 25 50 52 54 85 46 10 47 55 51 38 48 19 23 20 28 20 31 20 25 22 22 10 20
3 2 9 9 2 2 0 3 6 5 4 11 18 47 17 22 45 34 32 20 20 24 51 25 43 79 52 64 71 60 53 37 18 11 33 33 22 44 19 27 3 18 31 21 28 43 33 35 68 70 57 55 61 28 14 34 32 30 27 34 36 57 48 56 65 67 77 88 24 25 23 17 47 74 81 50 70 32 27 51 59 36 28 23 37 30 26 21 12 41 17 15 12 25 15 28
2 0 0 5 11 3 0 7 9 15 27 10 13 49 57 47 47 33 7 8 15 8 33 21 44 53 43 51 61 60 63 47 12 30 11 27 54 47 7 7 40 34 40 22 31 53 66 41 35 52 52 54 44 13 27 50 32 41 35 30 51 38 50 66 88 85 78 40 38 33 45 26 83 68 74 76 55 36 39 28 27 32 32 23 33 22 21 51 25 21 11 15 18 27 26 40
8 5 5 0 4 1 1 1 1 2 13 33 2 22 43 59 24 10 22 18 32 46 25 20 23 53 44 50 61 79 79 33 4 10 9 15 29 7 17 48 43 56 46 22 32 21 22 13 13 35 34 62 70 19 30 25 29 30 46 28 25 30 44 46 66 49 32 24 21 23 44 44 74 58 74 67 40 25 1 11 20 22 34 25 19 24 10 12 20 23 58 4 28 20 25 14
0 2 0 1 3 3 9 11 1 8 2 15 25 25 12 86 34 18 14 13 9 23 32 28 23 56 35 57 79 83 79 28 49 11 15 13 7 26 59 18 69 60 35 27 11 7 15 22 21 53 83 62 27 35 21 45 21 27 39 44 35 41 32 59 49 28 28 32 26 10 11 16 46 41 46 28 26 20 23 0 2 5 0 1 1 11 23 14 21 24 34 22 5 22 19 18
5 0 0 0 5 2 0 7 14 2 5 1 24 32 14 16 20 11 7 17 39 23 30 10 19 3 15 17 33 68 58 30 37 12 12 20 13 51 54 34 12 12 38 30 52 24 10 14 32 25 60 41 10 29 32 29 41 42 31 59 45 37 38 44 40 28 39 30 29 33 8 8 4 7 7 0 3 5 0 0 0 0 0 0 0 0 0 27 39 40 38 28 51 60 51 66
1 2 9 2 3 4 3 3 0 3 7 22 8 7 7 18 8 9 10 11 11 31 2 14 19 7 12 8 19 17 52 4 1 8 14 21 27 44 47 14 10 13 57 60 61 36 13 11 15 32 40 4 15 13 36 41 28 53 35 36 37 39 44 47 56 46 6 3 21 20 0 0 0 0 0 0 0 0 0 0 0 0 0 0 0 0 1 25 37 60 56 37 35 34 65 55
5 2 1 7 10 2 1 3 0 1 5 5 5 43 25 17 11 14 16 13 15 8 18 21 28 12 1 2 11 17 8 5 11 14 2 25 52 60 32 27 34 36 31 51 59 26 4 11 35 69 57 8 9 59 34 25 28 27 31 54 47 40 43 41 42 48 37 0 0 0 0 0 0 0 0 0 0 0 0 0 0 0 0 0 0 0 7 65 60 53 43 38 5 39 26 40
0 1 9 2 3 2 0 0 2 8 4 10 3 5 17 30 10 43 25 11 26 8 6 12 10 2 1 4 2 16 3 18 6 2 7 36 14 48 35 27 16 33 35 79 63 52 30 12 40 66 21 38 18 20 39 40 36 27 34 36 45 43 25 41 35 27 1 0 0 0 0 0 0 0 0 0 0 0 0 0 0 0 0 0 0 0 33 63 34 34 13 20 30 23 15 58
4 1 2 6 14 3 0 12 3 1 1 15 2 0 11 17 20 23 32 15 4 19 40 21 10 0 16 15 23 43 27 5 5 3 6 37 9 34 37 7 26 17 40 75 63 18 7 33 41 28 31 54 19 30 26 77 92 45 48 56 38 25 38 28 24 5 0 0 0 0 0 0 0 0 0 0 0 0 0 0 0 0 0 0 0 0 49 56 54 15 12 20 15 28 54 57
6 2 2 0 5 24 13 10 6 3 8 10 9 14 3 39 26 10 20 18 10 14 35 29 39 31 10 24 21 11 12 51 36 4 8 29 7 16 43 22 19 46 38 42 13 52 36 22 20 9 14 17 25 2 37 39 40 52 57 35 47 37 39 32 3 0 0 0 0 0 0 0 0 0 0 0 0 0 0 0 0 0 0 0 0 0 13 22 45 50 10 12 30 32 56 36
10 1 0 4 0 3 5 3 5 6 16 7 4 28 18 23 11 13 10 17 9 22 26 19 18 15 22 6 5 4 18 20 17 3 6 15 17 60 13 16 44 36 8 11 13 37 36 11 21 41 16 26 11 20 51 37 28 36 42 35 21 36 5 0 0 0 0 0 0 0 0 0 0 0 0 0 0 0 0 0 0 0 0 0 0 0 0 0 14 43 5 21 4 48 36 10
0 2 0 0 1 0 0 0 0 2 3 8 10 18 25 20 15 13 14 13 13 31 28 12 8 2 2 1 6 6 14 9 42 46 18 9 18 21 20 3 5 13 10 10 19 14 6 16 22 11 30 22 7 16 36 33 53 52 52 25 52 45 1 0 0 0 0 0 0 0 0 0 0 0 0 0 0 0 0 0 0 0 0 0 0 0 0 0 0 0 0 0 0 30 8 2
4 3 0 0 1 11 4 3 0 1 7 0 15 14 10 13 9 13 6 10 1 2 10 14 15 8 2 5 8 7 7 7 27 12 5 10 14 0 24 19 5 17 4 18 21 11 20 16 22 26 17 17 7 17 22 32 50 59 38 60 47 22 0 0 0 0 0 0 0 0 0 0 0 0 0 0 0 0 0 0 0 0 0 0 0 0 0 0 0 0 0 0 0 34 7 0
0 0 2 1 3 15 3 4 5 1 9 5 7 12 7 5 16 7 1 4 2 5 6 5 19 14 5 6 3 2 1 12 12 10 16 16 11 8 31 13 8 13 28 20 7 17 23 18 30 22 18 17 15 13 30 42 33 70 56 64 15 0 0 0 0 0 0 0 0 0 0 0 0 0 0 0 0 0 0 0 0 0 0 0 0 0 0 0 0 0 0 0 0 42 26 11
1 3 0 1 1 0 4 13 28 3 1 4 10 9 1 2 4 2 11 1 1 7 6 10 10 20 19 12 16 1 4 7 10 8 5 3 0 5 15 17 7 13 5 8 17 22 30 23 47 22 17 8 14 36 53 42 58 57 77 22 0 0 0 0 0 0 0 0 0 0 0 0 0 0 0 0 0 0 0 0 0 0 0 0 0 0 0 0 0 0 4 11 7 44 35 37
4 8 0 1 1 3 2 9 11 35 10 4 18 11 9 19 10 5 7 2 15 8 11 15 21 28 27 20 8 5 11 17 15 4 15 20 9 2 9 1 9 8 2 12 6 23 25 32 37 11 6 8 20 37 34 65 76 71 64 0 0 0 0 0 0 0 0 0 0 0 0 0 0 0 0 0 0 0 0 0 0 0 0 0 0 1 0 0 0 0 22 23 18 17 8 25
0 10 0 9 10 12 20 9 5 8 12 8 5 22 20 15 2 7 20 27 25 45 44 32 18 52 35 19 7 10 13 10 11 6 33 21 8 24 0 6 16 6 4 15 3 34 34 30 5 2 5 3 21 33 50 66 70 57 57 10 10 10 29 33 17 0 0 0 0 0 0 0 0 0 0 0 0 6 0 0 0 0 0 1 22 0 0 0 0 0 0 16 38 14 10 22
0 32 5 10 7 16 28 15 1 9 1 14 9 25 19 15 9 18 11 18 42 64 50 53 33 45 60 33 14 8 9 16 28 28 34 22 1 21 27 28 40 14 15 4 9 57 59 26 0 11 6 8 27 44 62 68 72 66 16 2 25 51 67 63 46 0 0 0 0 0 0 0 0 0 1 9 35 12 0 0 0 0 0 1 61 42 0 8 20 0 8 45 35 3 37 59
0 19 9 7 10 11 19 25 14 6 9 6 19 27 19 13 14 23 19 22 13 34 27 49 46 67 52 33 16 27 9 27 19 38 31 8 3 37 35 38 77 40 0 2 9 53 56 9 2 10 5 16 38 53 60 81 72 44 2 21 30 40 52 56 15 0 0 0 0 0 0 0 0 0 4 55 59 22 3 0 0 0 0 16 48 45 36 24 63 26 30 62 52 36 22 41
0 4 2 1 15 10 3 7 6 7 9 14 16 35 26 37 31 18 20 12 10 18 21 41 58 63 47 45 37 25 18 20 48 19 35 0 0 11 59 66 64 42 5 11 8 48 50 0 0 8 3 11 25 43 50 69 43 25 26 25 21 50 52 64 30 0 0 0 0 0 0 0 0 0 7 59 55 65 45 10 0 0 14 40 46 58 63 62 56 48 60 58 46 2 21 66
0 28 2 1 20 18 15 2 6 8 12 27 36 44 33 43 53 50 31 22 4 11 18 37 54 62 51 40 48 28 27 41 15 52 48 1 4 19 36 57 52 31 16 9 22 37 16 9 1 14 14 23 20 67 62 40 55 30 28 28 66 32 51 35 14 13 0 0 0 0 0 0 0 0 35 70 59 53 75 52 23 16 57 44 82 47 53 40 31 35 30 57 51 17 48 77
0 30 13 0 5 21 17 3 10 2 7 21 24 52 50 50 43 41 39 31 27 34 11 42 50 57 34 47 59 40 40 37 19 33 24 2 5 15 29 73 57 45 11 11 11 26 13 16 14 4 17 9 20 61 71 41 56 22 26 43 60 34 40 51 40 5 0 0 0 3 6 0 0 21 49 39 60 58 44 62 45 21 61 42 64 67 74 58 47 53 68 52 59 41 62 70
3 16 27 7 0 12 13 5 32 27 19 32 16 25 56 60 40 31 37 18 24 17 36 23 55 50 60 49 44 53 52 24 28 24 21 9 31 28 37 55 56 54 21 10 12 5 33 20 0 0 1 10 28 34 57 38 39 18 57 46 59 51 44 30 0 17 7 28 31 20 43 19 9 35 70 86 70 63 21 49 53 14 69 74 43 73 74 72 62 59 52 62 40 59 82 70
28 12 5 23 1 18 14 15 28 41 13 18 11 27 52 43 64 33 31 24 15 12 14 13 44 61 61 63 50 49 47 19 32 34 32 15 11 49 64 52 55 45 19 0 11 7 13 6 6 5 7 22 18 15 37 41 42 39 57 65 60 70 48 2 0 27 43 31 42 43 46 51 25 26 68 77 79 53 30 35 34 22 39 14 32 55 59 68 60 41 65 69 71 70 90 38
30 9 6 33 3 10 11 24 25 39 42 28 21 18 29 49 48 60 37 52 25 28 10 11 57 49 58 70 54 28 50 30 16 23 31 20 30 46 72 45 70 59 40 6 10 15 17 22 21 18 13 15 14 12 14 22 41 38 64 48 50 59 19 11 37 4 25 41 19 10 40 47 33 36 70 77 60 22 40 39 21 22 14 7 7 15 4 10 31 38 63 78 65 85 41 41
47 21 12 23 6 5 15 20 45 42 63 60 68 53 28 32 39 67 37 42 28 14 25 32 59 75 81 63 48 21 28 48 18 6 28 26 16 67 74 49 65 53 42 42 8 25 44 17 21 27 33 38 16 16 17 30 68 38 36 54 59 70 55 40 14 3 5 9 2 16 8 37 28 27 33 28 22 26 7 28 3 3 4 0 0 4 0 0 1 5 23 55 61 20 1 14
76 64 54 24 17 0 5 7 8 25 35 39 46 52 53 52 46 50 45 36 36 30 39 45 60 74 58 50 15 20 14 5 1 13 40 46 28 40 79 62 29 40 40 32 44 63 66 24 12 19 16 4 12 23 41 49 70 49 72 67 30 39 53 35 0 6 0 16 27 40 37 43 24 40 13 5 7 0 0 20 0 0 0 0 0 2 0 1 1 0 0 2 0 0 0 0
72 51 24 27 1 5 16 2 3 33 36 56 69 63 48 34 54 61 53 50 46 56 28 34 55 57 52 50 18 15 39 19 11 18 38 27 49 9 69 37 48 44 53 49 42 75 30 19 11 15 38 37 40 27 40 83 63 54 55 41 41 4 4 10 5 4 1 18 43 64 50 19 23 28 6 0 1 0 1 0 20 1 0 0 0 3 0 1 3 0 0 0 0 2 2 1
5 62 45 40 14 10 28 8 3 5 7 12 20 20 53 59 45 64 53 40 53 51 24 23 48 57 40 54 21 23 30 37 13 3 12 34 45 38 25 19 28 20 28 30 54 86 49 23 20 24 25 42 28 55 56 33 40 45 8 20 45 33 21 38 33 8 1 23 63 38 22 13 4 7 0 0 0 3 0 0 16 16 1 0 0 4 8 4 1 0 0 0 0 0 0 0
30 59 33 27 49 36 16 20 11 19 13 13 8 10 26 36 54 29 55 51 43 47 26 23 33 40 35 22 4 6 13 21 9 13 23 42 68 42 32 13 12 32 38 33 62 62 47 46 11 8 16 11 49 69 46 23 60 40 11 3 6 12 27 21 6 45 20 42 62 29 10 0 19 10 14 19 3 1 4 1 5 18 4 0 0 0 2 3 0 0 0 0 0 0 0 3
60 71 73 74 73 72 30 14 11 13 9 13 4 4 7 19 56 59 44 54 38 46 38 9 48 35 27 32 38 42 28 24 41 32 38 27 53 42 50 27 18 24 26 28 61 70 54 31 7 1 18 60 69 69 57 56 52 44 22 6 2 5 23 51 51 47 44 69 41 15 0 28 34 49 32 22 5 3 10 4 2 5 7 17 8 12 5 10 16 1 0 0 0 3 0 2
67 56 77 80 77 81 52 26 10 6 10 6 4 2 7 17 67 66 62 51 47 30 30 30 18 54 25 23 31 43 42 14 16 29 29 30 41 58 43 21 24 39 32 54 69 56 47 65 5 8 56 71 70 71 48 32 30 28 10 1 0 22 39 30 41 33 67 76 50 5 4 6 0 54 25 4 3 1 7 8 2 0 3 0 1 0 0 2 0 5 10 15 14 0 19 4
80 50 72 67 48 83 75 34 38 20 4 5 8 7 11 8 34 55 60 56 56 47 33 31 18 28 20 31 51 60 40 11 21 3 9 31 36 47 39 35 33 55 54 57 41 70 63 17 5 37 56 71 81 41 56 37 45 34 11 1 6 34 56 31 11 28 49 63 1 4 0 0 0 36 31 25 14 0 0 0 0 5 25 23 7 11 2 1 0 0 0 1 4 14 17 5
71 56 71 63 62 67 87 82 67 18 21 3 7 1 1 10 11 16 39 31 48 64 47 45 38 26 38 37 40 39 45 43 36 13 28 47 32 45 43 68 64 58 59 72 64 28 28 40 45 39 59 56 54 62 55 48 38 32 18 1 5 45 24 42 34 25 64 41 0 0 1 3 33 19 3 22 31 5 0 0 10 28 48 48 46 34 39 26 14 5 0 1 0 0 1 0
68 77 74 73 69 15 71 77 76 70 36 7 0 3 9 14 25 20 20 22 43 67 72 42 18 14 6 16 26 16 16 25 48 40 55 19 59 49 39 68 59 60 69 66 20 30 40 33 17 44 63 67 42 79 61 50 16 30 21 32 2 31 46 52 13 6 25 60 11 0 0 1 22 8 10 8 13 19 4 22 35 48 71 67 52 51 59 50 40 30 4 4 0 0 0 0
59 60 64 70 70 70 69 62 68 79 46 3 7 6 7 7 11 11 11 18 10 20 60 16 23 19 22 28 25 4 33 15 28 42 48 36 34 47 54 49 68 66 60 24 46 52 39 33 57 71 57 61 55 69 64 60 46 19 19 20 28 43 34 9 2 27 28 66 59 4 1 4 10 21 25 34 18 30 28 55 77 71 79 90 73 68 61 63 50 42 31 7 5 4 0 2
71 65 62 75 75 71 70 64 65 70 35 1 1 8 1 2 4 19 7 16 3 20 35 24 37 8 18 23 10 12 18 10 20 20 30 36 30 48 40 46 83 74 32 37 68 54 24 43 28 47 61 29 44 50 52 36 40 26 47 33 46 42 17 39 6 22 54 71 55 0 1 0 14 28 46 50 40 45 59 55 56 72 80 88 79 74 79 69 56 60 54 30 33 36 24 8
71 71 62 56 65 57 38 31 37 21 2 8 4 3 4 15 6 2 9 11 3 24 55 42 32 36 38 23 13 7 8 13 33 26 60 37 19 40 75 86 88 66 36 26 60 31 5 22 4 16 60 33 39 52 59 33 23 57 40 45 56 45 41 28 9 19 26 84 28 4 4 6 31 36 49 61 74 77 49 35 36 63 74 78 72 79 66 63 87 85 71 52 45 37 18 17
46 28 26 29 28 30 20 22 17 7 3 2 1 3 1 5 5 8 11 5 12 40 70 20 10 7 23 20 14 13 22 34 25 37 57 18 62 70 67 73 82 54 25 61 70 46 27 31 8 24 48 38 45 50 40 39 20 40 38 54 32 24 25 11 13 32 46 58 74 39 37 49 66 60 74 70 79 34 3 0 0 4 38 49 74 60 72 77 66 76 78 78 57 37 41 30
17 11 11 20 15 20 24 6 11 5 2 0 4 2 2 4 5 13 9 5 12 25 38 6 3 12 22 28 38 45 35 32 27 2 41 50 75 86 79 86 70 14 49 49 59 30 10 3 3 28 52 73 46 52 48 27 35 59 46 51 60 39 32 14 39 21 12 31 47 73 60 55 74 84 88 90 42 0 0 0 0 0 0 0 7 50 86 76 84 59 70 82 72 70 70 45
10 19 26 15 24 17 15 13 8 7 5 2 4 3 0 1 19 6 10 11 3 7 1 3 1 0 16 28 41 35 33 28 21 16 16 47 51 74 61 63 28 17 15 24 43 65 19 9 0 3 36 67 46 44 70 67 51 41 30 45 28 50 24 53 25 57 32 22 12 45 27 44 56 86 61 28 14 0 0 0 0 0 0 0 0 5 56 89 50 68 78 68 67 89 76 71
28 13 20 16 14 10 10 16 5 6 7 8 7 3 0 0 1 10 3 4 10 3 10 10 0 6 28 29 30 43 20 33 53 44 22 18 19 40 34 19 40 44 22 30 26 10 14 2 0 30 63 60 56 52 38 20 53 33 39 53 61 60 57 34 25 43 69 67 28 65 63 73 74 68 23 0 0 0 0 0 0 0 0 0 0 0 0 29 19 28 51 54 76 72 82 90
27 14 14 11 17 19 19 18 8 12 10 3 7 1 1 2 1 30 2 1 6 0 2 11 20 2 36 55 50 56 22 62 80 62 50 49 39 35 8 23 22 36 31 5 0 8 7 2 2 11 13 22 28 28 28 32 46 28 41 28 53 56 65 61 65 72 67 69 68 67 73 81 55 33 17 0 0 0 0 0 0 0 0 0 0 0 0 0 0 0 12 62 80 77 91 94
21 26 26 18 10 5 20 27 4 23 13 11 14 9 0 0 10 0 3 5 0 2 0 0 3 0 38 66 60 70 55 58 68 54 37 24 6 24 17 23 6 5 8 2 0 0 30 16 33 11 27 40 49 52 32 44 45 20 21 22 40 56 58 79 67 60 45 34 60 42 51 46 17 4 0 0 0 0 0 0 0 0 0 0 0 0 0 0 0 0 0 9 58 38 31 25
38 27 34 34 11 4 6 23 16 31 10 17 13 8 2 3 11 3 6 1 0 0 0 1 11 42 44 47 63 70 79 60 78 48 56 11 4 22 5 1 1 0 1 2 0 0 0 1 4 13 28 25 13 30 49 55 44 42 39 36 62 60 57 48 33 28 30 26 17 4 2 0 0 0 0 0 0 0 0 0 0 0 0 0 0 0 0 0 0 0 0 28 13 46 15 14
40 39 26 24 28 22 14 2 24 28 26 21 22 12 6 2 0 5 11 4 1 0 3 24 59 74 87 79 72 87 83 53 22 4 2 5 5 0 1 0 0 1 0 0 0 1 7 0 7 2 9 23 43 64 65 60 62 68 59 53 50 45 63 64 22 39 7 0 0 0 0 0 0 0 0 0 0 0 0 0 0 0 0 0 0 0 0 0 0 0 0 17 11 10 20 13
67 47 56 50 42 51 26 21 23 40 23 23 24 18 27 17 0 4 4 11 3 0 1 0 20 25 29 31 40 27 22 5 0 3 4 0 1 0 1 0 0 0 1 0 0 0 0 0 10 1 14 10 39 24 50 68 68 60 65 51 59 51 52 54 23 13 0 0 0 0 0 0 0 0 0 0 0 0 0 0 0 0 0 0 0 0 0 0 0 0 0 10 23 6 7 26
26 41 46 48 46 45 36 40 45 44 27 23 31 17 17 33 54 30 11 15 7 3 16 5 4 2 0 4 0 7 5 0 1 0 0 0 0 0 0 0 0 0 0 0 0 0 0 0 10 11 7 38 41 42 31 42 47 42 68 54 34 40 8 24 10 0 0 0 0 0 0 0 0 0 0 0 0 0 0 0 0 0 0 0 0 0 0 0 0 0 0 0 54 10 23 8
29 28 36 28 15 30 33 19 22 68 77 56 66 66 54 54 33 45 37 40 16 29 26 15 14 26 29 20 12 16 6 3 11 0 0 0 0 0 0 0 0 0 0 0 0 0 0 0 2 4 0 0 16 21 52 81 57 63 58 18 23 29 5 0 0 0 0 0 0 0 0 0 0 0 0 0 0 0 0 0 0 0 0 0 0 0 0 0 0 0 0 0 19 10 70 37
71 23 15 16 1 18 28 6 15 54 55 73 73 73 76 54 57 73 74 44 45 51 31 65 27 38 74 51 26 14 20 2 3 0 0 0 0 0 0 0 0 0 0 0 0 0 0 0 0 0 0 8 24 45 38 62 65 20 42 46 34 20 1 0 0 0 0 0 0 0 0 0 0 0 0 0 0 0 0 0 0 0 0 0 0 0 0 0 0 0 0 0 0 10 27 42
63 63 35 22 10 10 10 3 33 35 14 67 63 31 50 47 70 54 54 48 65 62 65 64 42 33 64 57 56 22 3 1 0 0 0 0 0 0 0 0 0 0 0 0 0 0 0 0 0 0 0 0 0 4 16 26 23 31 15 39 26 19 0 0 0 0 0 0 0 0 0 0 0 0 0 0 0 0 0 0 0 0 0 0 0 0 0 0 0 0 0 0 0 4 44 66
40 36 51 66 42 47 3 32 36 16 7 40 49 30 12 28 48 46 33 56 43 51 66 60 69 80 62 53 27 7 1 0 0 0 0 0 0 0 0 0 0 0 0 0 0 0 0 0 0 0 0 0 0 0 5 4 1 10 0 4 0 0 0 0 0 0 0 0 0 0 0 0 0 0 0 0 0 0 0 0 0 0 0 0 0 0 0 0 0 0 0 0 0 8 49 55
48 60 26 32 64 68 59 55 49 33 45 7 20 23 24 23 28 10 12 10 50 69 59 57 75 75 53 40 6 5 1 0 0 0 0 0 0 0 0 0 0 0 0 0 0 0 0 0 0 0 0 0 0 0 0 0 0 6 8 8 0 0 0 0 0 0 0 0 0 0 0 0 0 0 0 0 0 0 0 0 0 0 0 0 0 0 0 1 0 0 0 0 0 2 18 49
56 47 33 67 64 65 57 45 35 52 26 17 41 30 11 53 55 50 0 0 0 26 11 60 61 43 16 12 10 0 0 0 0 0 0 0 0 0 0 0 0 0 0 0 0 0 0 0 0 0 0 0 0 0 0 0 0 0 0 0 0 0 0 0 0 0 0 0 0 0 0 0 0 0 0 0 0 0 0 0 0 0 0 0 11 0 0 0 0 0 0 0 0 9 0 40
13 46 47 44 34 33 43 45 35 33 39 37 42 10 21 54 61 37 8 0 2 19 26 65 44 52 63 63 54 1 0 0 0 0 0 0 0 0 0 0 0 0 0 0 0 0 0 0 0 0 0 0 0 0 0 0 0 0 0 0 0 0 0 0 0 0 0 0 0 0 0 0 0 0 0 0 0 0 0 0 0 0 0 1 30 3 0 0 0 0 0 2 4 2 0 9
0 8 6 34 15 39 25 42 54 54 28 18 35 46 40 59 54 56 49 33 28 17 11 37 43 56 41 72 74 30 40 23 0 0 0 0 0 0 0 0 0 0 0 0 0 0 0 0 0 0 0 0 0 0 0 0 0 0 0 0 0 0 0 0 0 0 0 0 0 0 0 0 0 0 0 0 0 0 0 0 0 0 0 3 16 1 0 0 0 0 14 31 17 3 0 7
0 0 1 1 8 17 34 42 28 28 22 37 16 32 53 53 52 58 55 51 43 30 46 33 30 37 71 77 80 60 35 15 0 0 0 0 0 0 0 0 0 0 0 0 0 0 0 0 0 0 0 0 0 0 0 0 0 0 0 0 0 0 0 0 0 0 0 0 0 0 0 0 0 0 0 0 0 0 0 0 0 0 8 1 5 0 0 0 0 0 0 0 0 0 0 0
2 2 1 0 4 9 17 23 25 43 40 17 12 12 23 44 45 48 48 47 60 60 55 65 54 71 72 86 94 43 0 0 0 0 0 0 0 0 0 0 0 0 0 0 0 0 0 0 0 0 0 0 0 0 0 0 0 0 0 0 0 0 0 0 0 0 0 0 0 0 0 0 0 0 0 0 0 0 0 0 8 6 0 24 24 1 0 0 0 0 0 0 0 0 0 0
7 1 0 5 1 0 5 5 26 35 50 34 36 29 39 74 54 56 51 76 67 70 88 75 80 79 56 74 70 32 3 0 0 0 0 0 0 0 0 0 0 0 0 0 0 0 0 0 0 0 0 0 0 0 0 0 0 0 0 0 0 0 0 0 0 0 0 0 0 0 0 0 0 0 0 0 0 0 0 11 20 11 15 38 70 13 0 0 0 0 0 0 0 0 0 0
21 1 2 0 1 3 8 1 26 24 49 34 35 28 39 38 54 66 59 54 39 23 62 54 50 78 71 81 48 40 26 1 0 0 0 0 0 0 0 0 0 0 0 0 0 0 0 0 0 0 0 0 0 0 0 0 0 0 0 0 0 0 0 0 0 0 0 0 0 0 0 0 0 0 0 0 0 1 16 26 10 17 37 73 91 35 0 0 0 0 0 0 0 0 0 0
33 27 0 0 0 0 7 0 0 4 12 14 32 6 9 26 45 26 21 37 21 35 25 51 5 64 72 71 73 35 16 10 3 0 0 0 0 0 0 0 0 0 0 0 0 0 0 0 0 0 0 0 0 0 0 0 0 0 0 0 0 0 0 0 0 0 0 0 0 0 0 0 0 0 0 0 0 1 31 38 35 30 19 59 62 18 0 0 0 0 0 0 0 0 0 0
0 24 3 3 12 0 6 0 0 0 0 1 0 0 0 1 0 21 10 53 32 38 65 49 26 91 92 65 26 62 36 26 7 0 0 0 0 0 0 0 0 0 0 0 0 0 0 0 0 0 0 0 0 0 0 0 0 0 0 0 0 0 0 0 0 0 0 0 0 0 0 0 0 0 0 0 0 5 37 55 57 19 35 31 36 5 0 0 0 0 0 0 0 0 0 0
0 1 16 0 7 6 6 0 1 0 1 0 0 0 0 0 1 9 30 14 18 31 56 31 71 81 75 42 21 21 53 22 3 0 0 0 0 0 0 0 0 0 0 0 0 0 0 0 0 0 0 0 0 0 0 0 0 0 0 0 0 0 0 0 0 0 0 0 0 0 0 0 0 0 0 0 0 0 3 43 60 46 56 31 10 5 0 0 0 0 0 0 0 0 0 0
2 0 2 0 0 0 0 3 0 0 0 0 0 0 0 2 6 11 8 26 15 65 50 55 67 69 50 46 42 50 5 0 0 0 0 0 0 0 0 0 0 0 0 0 0 0 0 0 0 0 0 0 0 0 0 0 0 0 0 0 0 0 0 0 0 0 0 0 0 0 0 0 0 0 0 0 0 0 11 16 31 47 64 33 4 0 0 0 0 0 0 0 0 0 0 0
0 4 3 0 15 25 5 0 0 0 0 0 0 11 9 20 11 40 21 54 23 61 56 14 19 63 75 44 6 1 0 0 0 0 0 0 0 0 0 0 0 0 0 0 0 0 0 0 0 0 0 0 0 0 0 0 0 0 0 0 0 0 0 0 0 0 0 0 0 0 0 0 0 0 0 0 0 3 6 21 71 80 71 34 2 0 0 0 0 0 0 0 0 0 0 0
0 0 10 13 8 29 34 16 6 2 8 10 7 29 2 9 36 37 36 19 12 22 18 15 42 14 2 0 0 0 0 0 0 0 0 0 0 0 0 0 0 0 0 0 0 0 0 0 0 0 0 0 0 0 0 0 0 0 0 0 0 0 0 0 0 0 0 0 0 0 0 0 0 0 0 0 0 0 4 58 79 63 27 29 4 0 0 0 0 0 0 0 0 0 0 0
5 0 10 0 3 7 25 22 23 13 37 30 60 81 17 11 36 28 3 6 49 38 35 1 0 0 0 0 0 0 0 0 0 0 0 0 0 0 0 0 0 0 0 0 0 0 0 0 0 0 0 0 0 0 0 0 0 0 0 0 0 0 0 0 0 0 0 0 0 0 0 0 0 0 0 0 0 0 11 10 38 65 71 18 3 0 0 0 0 0 0 0 0 0 0 0
10 0 5 16 27 8 28 28 27 23 26 25 52 45 5 2 2 2 13 31 14 20 0 0 0 0 0 0 0 0 0 0 0 0 0 0 0 0 0 0 0 0 0 0 0 0 0 0 0 0 0 0 0 0 0 0 0 0 0 0 0 0 0 0 0 0 0 0 0 0 0 0 0 0 0 0 0 0 0 2 30 81 52 18 0 0 0 0 0 0 0 0 0 0 0 0
6 6 0 24 34 19 26 7 25 13 26 21 8 0 4 15 1 7 5 5 2 0 0 0 0 0 0 0 0 0 0 0 0 0 0 0 0 0 0 0 0 0 0 0 0 0 0 0 0 0 0 0 0 0 0 0 0 0 0 0 0 0 0 0 0 0 0 0 0 0 0 0 0 0 0 0 0 0 0 0 13 21 6 7 0 0 0 0 0 0 0 0 0 0 0 0
