ascConverter/East-Europe.asc
ncols         678
nrows         577
xllcorner     -3471421,7239575
yllcorner     -1738905,2826044
cellsize      10000
NODATA_value  -9999
[rows 348 to 376 of 577, columns 264 to 329 of 678]
-826421 -816421 -806421 -796421 -786421 -776421 -766421 -756421 -746421 -736421 -726421 -716421 -706421 -696421 -686421 -676421 -666421 -656421 -646421 -636421 -626421 -616421 -606421 -596421 -586421 -576421 -566421 -556421 -546421 -536421 -526421 -516421 -506421 -496421 -486421 -476421 -466421 -456421 -446421 -436421 -426421 -416421 -406421 -396421 -386421 -376421 -366421 -356421 -346421 -336421 -326421 -316421 -306421 -296421 -286421 -276421 -266421 -256421 -246421 -236421 -226421 -216421 -206421 -196421 -186421 -176421
-826421 -816421 -806421 -796421 -786421 -776421 -766421 -756421 -746421 -736421 -726421 -716421 -706421 -696421 -686421 -676421 -666421 -656421 -646421 -636421 -626421 -616421 -606421 -596421 -586421 -576421 -566421 -556421 -546421 -536421 -526421 -516421 -506421 -496421 -486421 -476421 -466421 -456421 -446421 -436421 -426421 -416421 -406421 -396421 -386421 -376421 -366421 -356421 -346421 -336421 -326421 -316421 -306421 -296421 -286421 -276421 -266421 -256421 -246421 -236421 -226421 -216421 -206421 -196421 -186421 -176421
-826421 -816421 -806421 -796421 -786421 -776421 -766421 -756421 -746421 -736421 -726421 -716421 -706421 -696421 -686421 -676421 -666421 -656421 -646421 -636421 -626421 -616421 -606421 -596421 -586421 -576421 -566421 -556421 -546421 -536421 -526421 -516421 -506421 -496421 -486421 -476421 -466421 -456421 -446421 -436421 -426421 -416421 -406421 -396421 -386421 -376421 -366421 -356421 -346421 -336421 -326421 -316421 -306421 -296421 -286421 -276421 -266421 -256421 -246421 -236421 -226421 -216421 -206421 -196421 -186421 -176421
-826421 -816421 -806421 -796421 -786421 -776421 -766421 -756421 -746421 -736421 -726421 -716421 -706421 -696421 -686421 -676421 -666421 -656421 -646421 -636421 -626421 -616421 -606421 -596421 -586421 -576421 -566421 -556421 -546421 -536421 -526421 -516421 -506421 -496421 -486421 -476421 -466421 -456421 -446421 -436421 -426421 -416421 -406421 -396421 -386421 -376421 -366421 -356421 -346421 -336421 -326421 -316421 -306421 -296421 -286421 -276421 -266421 -256421 -246421 -236421 -226421 -216421 -206421 -196421 -186421 -176421
-826421 -816421 -806421 -796421 -786421 -776421 -766421 -756421 -746421 -736421 -726421 -716421 -706421 -696421 -686421 -676421 -666421 -656421 -646421 -636421 -626421 -616421 -606421 -596421 -586421 -576421 -566421 -556421 -546421 -536421 -526421 -516421 -506421 -496421 -486421 -476421 -466421 -456421 -446421 -436421 -426421 -416421 -406421 -396421 -386421 -376421 -366421 -356421 -346421 -336421 -326421 -316421 -306421 -296421 -286421 -276421 -266421 -256421 -246421 -236421 -226421 -216421 -206421 -196421 -186421 -176421
-826421 -816421 -806421 -796421 -786421 -776421 -766421 -756421 -746421 -736421 -726421 -716421 -706421 -696421 -686421 -676421 -666421 -656421 -646421 -636421 -626421 -616421 -606421 -596421 -586421 -576421 -566421 -556421 -546421 -536421 -526421 -516421 -506421 -496421 -486421 -476421 -466421 -456421 -446421 -436421 -426421 -416421 -406421 -396421 -386421 -376421 -366421 -356421 -346421 -336421 -326421 -316421 -306421 -296421 -286421 -276421 -266421 -256421 -246421 -236421 -226421 -216421 -206421 -196421 -186421 -176421
-826421 -816421 -806421 -796421 -786421 -776421 -766421 -756421 -746421 -736421 -726421 -716421 -706421 -696421 -686421 -676421 -666421 -656421 -646421 -636421 -626421 -616421 -606421 -596421 -586421 -576421 -566421 -556421 -546421 -536421 -526421 -516421 -506421 -496421 -486421 -476421 -466421 -456421 -446421 -436421 -426421 -416421 -406421 -396421 -386421 -376421 -366421 -356421 -346421 -336421 -326421 -316421 -306421 -296421 -286421 -276421 -266421 -256421 -246421 -236421 -226421 -216421 -206421 -196421 -186421 -176421
-826421 -816421 -806421 -796421 -786421 -776421 -766421 -756421 -746421 -736421 -726421 -716421 -706421 -696421 -686421 -676421 -666421 -656421 -646421 -636421 -626421 -616421 -606421 -596421 -586421 -576421 -566421 -556421 -546421 -536421 -526421 -516421 -506421 -496421 -486421 -476421 -466421 -456421 -446421 -436421 -426421 -416421 -406421 -396421 -386421 -376421 -366421 -356421 -346421 -336421 -326421 -316421 -306421 -296421 -286421 -276421 -266421 -256421 -246421 -236421 -226421 -216421 -206421 -196421 -186421 -176421
-826421 -816421 -806421 -796421 -786421 -776421 -766421 -756421 -746421 -736421 -726421 -716421 -706421 -696421 -686421 -676421 -666421 -656421 -646421 -636421 -626421 -616421 -606421 -596421 -586421 -576421 -566421 -556421 -546421 -536421 -526421 -516421 -506421 -496421 -486421 -476421 -466421 -456421 -446421 -436421 -426421 -416421 -406421 -396421 -386421 -376421 -366421 -356421 -346421 -336421 -326421 -316421 -306421 -296421 -286421 -276421 -266421 -256421 -246421 -236421 -226421 -216421 -206421 -196421 -186421 -176421
-826421 -816421 -806421 -796421 -786421 -776421 -766421 -756421 -746421 -736421 -726421 -716421 -706421 -696421 -686421 -676421 -666421 -656421 -646421 -636421 -626421 -616421 -606421 -596421 -586421 -576421 -566421 -556421 -546421 -536421 -526421 -516421 -506421 -496421 -486421 -476421 -466421 -456421 -446421 -436421 -426421 -416421 -406421 -396421 -386421 -376421 -366421 -356421 -346421 -336421 -326421 -316421 -306421 -296421 -286421 -276421 -266421 -256421 -246421 -236421 -226421 -216421 -206421 -196421 -186421 -176421
-826421 -816421 -806421 -796421 -786421 -776421 -766421 -756421 -746421 -736421 -726421 -716421 -706421 -696421 -686421 -676421 -666421 -656421 -646421 -636421 -626421 -616421 -606421 -596421 -586421 -576421 -566421 -556421 -546421 -536421 -526421 -516421 -506421 -496421 -486421 -476421 -466421 -456421 -446421 -436421 -426421 -416421 -406421 -396421 -386421 -376421 -366421 -356421 -346421 -336421 -326421 -316421 -306421 -296421 -286421 -276421 -266421 -256421 -246421 -236421 -226421 -216421 -206421 -196421 -186421 -176421
-826421 -816421 -806421 -796421 -786421 -776421 -766421 -756421 -746421 -736421 -726421 -716421 -706421 -696421 -686421 -676421 -666421 -656421 -646421 -636421 -626421 -616421 -606421 -596421 -586421 -576421 -566421 -556421 -546421 -536421 -526421 -516421 -506421 -496421 -486421 -476421 -466421 -456421 -446421 -436421 -426421 -416421 -406421 -396421 -386421 -376421 -366421 -356421 -346421 -336421 -326421 -316421 -306421 -296421 -286421 -276421 -266421 -256421 -246421 -236421 -226421 -216421 -206421 -196421 -186421 -176421
-826421 -816421 -806421 -796421 -786421 -776421 -766421 -756421 -746421 -736421 -726421 -716421 -706421 -696421 -686421 -676421 -666421 -656421 -646421 -636421 -626421 -616421 -606421 -596421 -586421 -576421 -566421 -556421 -546421 -536421 -526421 -516421 -506421 -496421 -486421 -476421 -466421 -456421 -446421 -436421 -426421 -416421 -406421 -396421 -386421 -376421 -366421 -356421 -346421 -336421 -326421 -316421 -306421 -296421 -286421 -276421 -266421 -256421 -246421 -236421 -226421 -216421 -206421 -196421 -186421 -176421
-826421 -816421 -806421 -796421 -786421 -776421 -766421 -756421 -746421 -736421 -726421 -716421 -706421 -696421 -686421 -676421 -666421 -656421 -646421 -636421 -626421 -616421 -606421 -596421 -586421 -576421 -566421 -556421 -546421 -536421 -526421 -516421 -506421 -496421 -486421 -476421 -466421 -456421 -446421 -436421 -426421 -416421 -406421 -396421 -386421 -376421 -366421 -356421 -346421 -336421 -326421 -316421 -306421 -296421 -286421 -276421 -266421 -256421 -246421 -236421 -226421 -216421 -206421 -196421 -186421 -176421
-826421 -816421 -806421 -796421 -786421 -776421 -766421 -756421 -746421 -736421 -726421 -716421 -706421 -696421 -686421 -676421 -666421 -656421 -646421 -636421 -626421 -616421 -606421 -596421 -586421 -576421 -566421 -556421 -546421 -536421 -526421 -516421 -506421 -496421 -486421 -476421 -466421 -456421 -446421 -436421 -426421 -416421 -406421 -396421 -386421 -376421 -366421 -356421 -346421 -336421 -326421 -316421 -306421 -296421 -286421 -276421 -266421 -256421 -246421 -236421 -226421 -216421 -206421 -196421 -186421 -176421
-826421 -816421 -806421 -796421 -786421 -776421 -766421 -756421 -746421 -736421 -726421 -716421 -706421 -696421 -686421 -676421 -666421 -656421 -646421 -636421 -626421 -616421 -606421 -596421 -586421 -576421 -566421 -556421 -546421 -536421 -526421 -516421 -506421 -496421 -486421 -476421 -466421 -456421 -446421 -436421 -426421 -416421 -406421 -396421 -386421 -376421 -366421 -356421 -346421 -336421 -326421 -316421 -306421 -296421 -286421 -276421 -266421 -256421 -246421 -236421 -226421 -216421 -206421 -196421 -186421 -176421
-826421 -816421 -806421 -796421 -786421 -776421 -766421 -756421 -746421 -736421 -726421 -716421 -706421 -696421 -686421 -676421 -666421 -656421 -646421 -636421 -626421 -616421 -606421 -596421 -586421 -576421 -566421 -556421 -546421 -536421 -526421 -516421 -506421 -496421 -486421 -476421 -466421 -456421 -446421 -436421 -426421 -416421 -406421 -396421 -386421 -376421 -366421 -356421 -346421 -336421 -326421 -316421 -306421 -296421 -286421 -276421 -266421 -256421 -246421 -236421 -226421 -216421 -206421 -196421 -186421 -176421
-826421 -816421 -806421 -796421 -786421 -776421 -766421 -756421 -746421 -736421 -726421 -716421 -706421 -696421 -686421 -676421 -666421 -656421 -646421 -636421 -626421 -616421 -606421 -596421 -586421 -576421 -566421 -556421 -546421 -536421 -526421 -516421 -506421 -496421 -486421 -476421 -466421 -456421 -446421 -436421 -426421 -416421 -406421 -396421 -386421 -376421 -366421 -356421 -346421 -336421 -326421 -316421 -306421 -296421 -286421 -276421 -266421 -256421 -246421 -236421 -226421 -216421 -206421 -196421 -186421 -176421
-826421 -816421 -806421 -796421 -786421 -776421 -766421 -756421 -746421 -736421 -726421 -716421 -706421 -696421 -686421 -676421 -666421 -656421 -646421 -636421 -626421 -616421 -606421 -596421 -586421 -576421 -566421 -556421 -546421 -536421 -526421 -516421 -506421 -496421 -486421 -476421 -466421 -456421 -446421 -436421 -426421 -416421 -406421 -396421 -386421 -376421 -366421 -356421 -346421 -336421 -326421 -316421 -306421 -296421 -286421 -276421 -266421 -256421 -246421 -236421 -226421 -216421 -206421 -196421 -186421 -176421
-826421 -816421 -806421 -796421 -786421 -776421 -766421 -756421 -746421 -736421 -726421 -716421 -706421 -696421 -686421 -676421 -666421 -656421 -646421 -636421 -626421 -616421 -606421 -596421 -586421 -576421 -566421 -556421 -546421 -536421 -526421 -516421 -506421 -496421 -486421 -476421 -466421 -456421 -446421 -436421 -426421 -416421 -406421 -396421 -386421 -376421 -366421 -356421 -346421 -336421 -326421 -316421 -306421 -296421 -286421 -276421 -266421 -256421 -246421 -236421 -226421 -216421 -206421 -196421 -186421 -176421
-826421 -816421 -806421 -796421 -786421 -776421 -766421 -756421 -746421 -736421 -726421 -716421 -706421 -696421 -686421 -676421 -666421 -656421 -646421 -636421 -626421 -616421 -606421 -596421 -586421 -576421 -566421 -556421 -546421 -536421 -526421 -516421 -506421 -496421 -486421 -476421 -466421 -456421 -446421 -436421 -426421 -416421 -406421 -396421 -386421 -376421 -366421 -356421 -346421 -336421 -326421 -316421 -306421 -296421 -286421 -276421 -266421 -256421 -246421 -236421 -226421 -216421 -206421 -196421 -186421 -176421
-826421 -816421 -806421 -796421 -786421 -776421 -766421 -756421 -746421 -736421 -726421 -716421 -706421 -696421 -686421 -676421 -666421 -656421 -646421 -636421 -626421 -616421 -606421 -596421 -586421 -576421 -566421 -556421 -546421 -536421 -526421 -516421 -506421 -496421 -486421 -476421 -466421 -456421 -446421 -436421 -426421 -416421 -406421 -396421 -386421 -376421 -366421 -356421 -346421 -336421 -326421 -316421 -306421 -296421 -286421 -276421 -266421 -256421 -246421 -236421 -226421 -216421 -206421 -196421 -186421 -176421
-826421 -816421 -806421 -796421 -786421 -776421 -766421 -756421 -746421 -736421 -726421 -716421 -706421 -696421 -686421 -676421 -666421 -656421 -646421 -636421 -626421 -616421 -606421 -596421 -586421 -576421 -566421 -556421 -546421 -536421 -526421 -516421 -506421 -496421 -486421 -476421 -466421 -456421 -446421 -436421 -426421 -416421 -406421 -396421 -386421 -376421 -366421 -356421 -346421 -336421 -326421 -316421 -306421 -296421 -286421 -276421 -266421 -256421 -246421 -236421 -226421 -216421 -206421 -196421 -186421 -176421
-826421 -816421 -806421 -796421 -786421 -776421 -766421 -756421 -746421 -736421 -726421 -716421 -706421 -696421 -686421 -676421 -666421 -656421 -646421 -636421 -626421 -616421 -606421 -596421 -586421 -576421 -566421 -556421 -546421 -536421 -526421 -516421 -506421 -496421 -486421 -476421 -466421 -456421 -446421 -436421 -426421 -416421 -406421 -396421 -386421 -376421 -366421 -356421 -346421 -336421 -326421 -316421 -306421 -296421 -286421 -276421 -266421 -256421 -246421 -236421 -226421 -216421 -206421 -196421 -186421 -176421
-826421 -816421 -806421 -796421 -786421 -776421 -766421 -756421 -746421 -736421 -726421 -716421 -706421 -696421 -686421 -676421 -666421 -656421 -646421 -636421 -626421 -616421 -606421 -596421 -586421 -576421 -566421 -556421 -546421 -536421 -526421 -516421 -506421 -496421 -486421 -476421 -466421 -456421 -446421 -436421 -426421 -416421 -406421 -396421 -386421 -376421 -366421 -356421 -346421 -336421 -326421 -316421 -306421 -296421 -286421 -276421 -266421 -256421 -246421 -236421 -226421 -216421 -206421 -196421 -186421 -176421
-826421 -816421 -806421 -796421 -786421 -776421 -766421 -756421 -746421 -736421 -726421 -716421 -706421 -696421 -686421 -676421 -666421 -656421 -646421 -636421 -626421 -616421 -606421 -596421 -586421 -576421 -566421 -556421 -546421 -536421 -526421 -516421 -506421 -496421 -486421 -476421 -466421 -456421 -446421 -436421 -426421 -416421 -406421 -396421 -386421 -376421 -366421 -356421 -346421 -336421 -326421 -316421 -306421 -296421 -286421 -276421 -266421 -256421 -246421 -236421 -226421 -216421 -206421 -196421 -186421 -176421
-826421 -816421 -806421 -796421 -786421 -776421 -766421 -756421 -746421 -736421 -726421 -716421 -706421 -696421 -686421 -676421 -666421 -656421 -646421 -636421 -626421 -616421 -606421 -596421 -586421 -576421 -566421 -556421 -546421 -536421 -526421 -516421 -506421 -496421 -486421 -476421 -466421 -456421 -446421 -436421 -426421 -416421 -406421 -396421 -386421 -376421 -366421 -356421 -346421 -336421 -326421 -316421 -306421 -296421 -286421 -276421 -266421 -256421 -246421 -236421 -226421 -216421 -206421 -196421 -186421 -176421
-826421 -816421 -806421 -796421 -786421 -776421 -766421 -756421 -746421 -736421 -726421 -716421 -706421 -696421 -686421 -676421 -666421 -656421 -646421 -636421 -626421 -616421 -606421 -596421 -586421 -576421 -566421 -556421 -546421 -536421 -526421 -516421 -506421 -496421 -486421 -476421 -466421 -456421 -446421 -436421 -426421 -416421 -406421 -396421 -386421 -376421 -366421 -356421 -346421 -336421 -326421 -316421 -306421 -296421 -286421 -276421 -266421 -256421 -246421 -236421 -226421 -216421 -206421 -196421 -186421 -176421
-826421 -816421 -806421 -796421 -786421 -776421 -766421 -756421 -746421 -736421 -726421 -716421 -706421 -696421 -686421 -676421 -666421 -656421 -646421 -636421 -626421 -616421 -606421 -596421 -586421 -576421 -566421 -556421 -546421 -536421 -526421 -516421 -506421 -496421 -486421 -476421 -466421 -456421 -446421 -436421 -426421 -416421 -406421 -396421 -386421 -376421 -366421 -356421 -346421 -336421 -326421 -316421 -306421 -296421 -286421 -276421 -266421 -256421 -246421 -236421 -226421 -216421 -206421 -196421 -186421 -176421
