ascConverter/East-Europe.asc
ncols         678
nrows         577
xllcorner     -3471421,7239575
yllcorner     -1738905,2826044
cellsize      10000
NODATA_value  -9999
[rows 87 to 115 of 577, columns 396 to 461 of 678]
493579 503579 513579 523579 533579 543579 553579 563579 573579 583579 593579 603579 613579 623579 633579 643579 653579 663579 673579 683579 693579 703579 713579 723579 733579 743579 753579 763579 773579 783579 793579 803579 813579 823579 833579 843579 853579 863579 873579 883579 893579 903579 913579 923579 933579 943579 953579 963579 973579 983579 993579 1003579 1013579 1023579 1033579 1043579 1053579 1063579 1073579 1083579 1093579 1103579 1113579 1123579 1133579 1143579
493579 503579 513579 523579 533579 543579 553579 563579 573579 583579 593579 603579 613579 623579 633579 643579 653579 663579 673579 683579 693579 703579 713579 723579 733579 743579 753579 763579 773579 783579 793579 803579 813579 823579 833579 843579 853579 863579 873579 883579 893579 903579 913579 923579 933579 943579 953579 963579 973579 983579 993579 1003579 1013579 1023579 1033579 1043579 1053579 1063579 1073579 1083579 1093579 1103579 1113579 1123579 1133579 1143579
493579 503579 513579 523579 533579 543579 553579 563579 573579 583579 593579 603579 613579 623579 633579 643579 653579 663579 673579 683579 693579 703579 713579 723579 733579 743579 753579 763579 773579 783579 793579 803579 813579 823579 833579 843579 853579 863579 873579 883579 893579 903579 913579 923579 933579 943579 953579 963579 973579 983579 993579 1003579 1013579 1023579 1033579 1043579 1053579 1063579 1073579 1083579 1093579 1103579 1113579 1123579 1133579 1143579
493579 503579 513579 523579 533579 543579 553579 563579 573579 583579 593579 603579 613579 623579 633579 643579 653579 663579 673579 683579 693579 703579 713579 723579 733579 743579 753579 763579 773579 783579 793579 803579 813579 823579 833579 843579 853579 863579 873579 883579 893579 903579 913579 923579 933579 943579 953579 963579 973579 983579 993579 1003579 1013579 1023579 1033579 1043579 1053579 1063579 1073579 1083579 1093579 1103579 1113579 1123579 1133579 1143579
493579 503579 513579 523579 533579 543579 553579 563579 573579 583579 593579 603579 613579 623579 633579 643579 653579 663579 673579 683579 693579 703579 713579 723579 733579 743579 753579 763579 773579 783579 793579 803579 813579 823579 833579 843579 853579 863579 873579 883579 893579 903579 913579 923579 933579 943579 953579 963579 973579 983579 993579 1003579 1013579 1023579 1033579 1043579 1053579 1063579 1073579 1083579 1093579 1103579 1113579 1123579 1133579 1143579
493579 503579 513579 523579 533579 543579 553579 563579 573579 583579 593579 603579 613579 623579 633579 643579 653579 663579 673579 683579 693579 703579 713579 723579 733579 743579 753579 763579 773579 783579 793579 803579 813579 823579 833579 843579 853579 863579 873579 883579 893579 903579 913579 923579 933579 943579 953579 963579 973579 983579 993579 1003579 1013579 1023579 1033579 1043579 1053579 1063579 1073579 1083579 1093579 1103579 1113579 1123579 1133579 1143579
493579 503579 513579 523579 533579 543579 553579 563579 573579 583579 593579 603579 613579 623579 633579 643579 653579 663579 673579 683579 693579 703579 713579 723579 733579 743579 753579 763579 773579 783579 793579 803579 813579 823579 833579 843579 853579 863579 873579 883579 893579 903579 913579 923579 933579 943579 953579 963579 973579 983579 993579 1003579 1013579 1023579 1033579 1043579 1053579 1063579 1073579 1083579 1093579 1103579 1113579 1123579 1133579 1143579
493579 503579 513579 523579 533579 543579 553579 563579 573579 583579 593579 603579 613579 623579 633579 643579 653579 663579 673579 683579 693579 703579 713579 723579 733579 743579 753579 763579 773579 783579 793579 803579 813579 823579 833579 843579 853579 863579 873579 883579 893579 903579 913579 923579 933579 943579 953579 963579 973579 983579 993579 1003579 1013579 1023579 1033579 1043579 1053579 1063579 1073579 1083579 1093579 1103579 1113579 1123579 1133579 1143579
493579 503579 513579 523579 533579 543579 553579 563579 573579 583579 593579 603579 613579 623579 633579 643579 653579 663579 673579 683579 693579 703579 713579 723579 733579 743579 753579 763579 773579 783579 793579 803579 813579 823579 833579 843579 853579 863579 873579 883579 893579 903579 913579 923579 933579 943579 953579 963579 973579 983579 993579 1003579 1013579 1023579 1033579 1043579 1053579 1063579 1073579 1083579 1093579 1103579 1113579 1123579 1133579 1143579
493579 503579 513579 523579 533579 543579 553579 563579 573579 583579 593579 603579 613579 623579 633579 643579 653579 663579 673579 683579 693579 703579 713579 723579 733579 743579 753579 763579 773579 783579 793579 803579 813579 823579 833579 843579 853579 863579 873579 883579 893579 903579 913579 923579 933579 943579 953579 963579 973579 983579 993579 1003579 1013579 1023579 1033579 1043579 1053579 1063579 1073579 1083579 1093579 1103579 1113579 1123579 1133579 1143579
493579 503579 513579 523579 533579 543579 553579 563579 573579 583579 593579 603579 613579 623579 633579 643579 653579 663579 673579 683579 693579 703579 713579 723579 733579 743579 753579 763579 773579 783579 793579 803579 813579 823579 833579 843579 853579 863579 873579 883579 893579 903579 913579 923579 933579 943579 953579 963579 973579 983579 993579 1003579 1013579 1023579 1033579 1043579 1053579 1063579 1073579 1083579 1093579 1103579 1113579 1123579 1133579 1143579
493579 503579 513579 523579 533579 543579 553579 563579 573579 583579 593579 603579 613579 623579 633579 643579 653579 663579 673579 683579 693579 703579 713579 723579 733579 743579 753579 763579 773579 783579 793579 803579 813579 823579 833579 843579 853579 863579 873579 883579 893579 903579 913579 923579 933579 943579 953579 963579 973579 983579 993579 1003579 1013579 1023579 1033579 1043579 1053579 1063579 1073579 1083579 1093579 1103579 1113579 1123579 1133579 1143579
493579 503579 513579 523579 533579 543579 553579 563579 573579 583579 593579 603579 613579 623579 633579 643579 653579 663579 673579 683579 693579 703579 713579 723579 733579 743579 753579 763579 773579 783579 793579 803579 813579 823579 833579 843579 853579 863579 873579 883579 893579 903579 913579 923579 933579 943579 953579 963579 973579 983579 993579 1003579 1013579 1023579 1033579 1043579 1053579 1063579 1073579 1083579 1093579 1103579 1113579 1123579 1133579 1143579
493579 503579 513579 523579 533579 543579 553579 563579 573579 583579 593579 603579 613579 623579 633579 643579 653579 663579 673579 683579 693579 703579 713579 723579 733579 743579 753579 763579 773579 783579 793579 803579 813579 823579 833579 843579 853579 863579 873579 883579 893579 903579 913579 923579 933579 943579 953579 963579 973579 983579 993579 1003579 1013579 1023579 1033579 1043579 1053579 1063579 1073579 1083579 1093579 1103579 1113579 1123579 1133579 1143579
493579 503579 513579 523579 533579 543579 553579 563579 573579 583579 593579 603579 613579 623579 633579 643579 653579 663579 673579 683579 693579 703579 713579 723579 733579 743579 753579 763579 773579 783579 793579 803579 813579 823579 833579 843579 853579 863579 873579 883579 893579 903579 913579 923579 933579 943579 953579 963579 973579 983579 993579 1003579 1013579 1023579 1033579 1043579 1053579 1063579 1073579 1083579 1093579 1103579 1113579 1123579 1133579 1143579
493579 503579 513579 523579 533579 543579 553579 563579 573579 583579 593579 603579 613579 623579 633579 643579 653579 663579 673579 683579 693579 703579 713579 723579 733579 743579 753579 763579 773579 783579 793579 803579 813579 823579 833579 843579 853579 863579 873579 883579 893579 903579 913579 923579 933579 943579 953579 963579 973579 983579 993579 1003579 1013579 1023579 1033579 1043579 1053579 1063579 1073579 1083579 1093579 1103579 1113579 1123579 1133579 1143579
493579 503579 513579 523579 533579 543579 553579 563579 573579 583579 593579 603579 613579 623579 633579 643579 653579 663579 673579 683579 693579 703579 713579 723579 733579 743579 753579 763579 773579 783579 793579 803579 813579 823579 833579 843579 853579 863579 873579 883579 893579 903579 913579 923579 933579 943579 953579 963579 973579 983579 993579 1003579 1013579 1023579 1033579 1043579 1053579 1063579 1073579 1083579 1093579 1103579 1113579 1123579 1133579 1143579
493579 503579 513579 523579 533579 543579 553579 563579 573579 583579 593579 603579 613579 623579 633579 643579 653579 663579 673579 683579 693579 703579 713579 723579 733579 743579 753579 763579 773579 783579 793579 803579 813579 823579 833579 843579 853579 863579 873579 883579 893579 903579 913579 923579 933579 943579 953579 963579 973579 983579 993579 1003579 1013579 1023579 1033579 1043579 1053579 1063579 1073579 1083579 1093579 1103579 1113579 1123579 1133579 1143579
493579 503579 513579 523579 533579 543579 553579 563579 573579 583579 593579 603579 613579 623579 633579 643579 653579 663579 673579 683579 693579 703579 713579 723579 733579 743579 753579 763579 773579 783579 793579 803579 813579 823579 833579 843579 853579 863579 873579 883579 893579 903579 913579 923579 933579 943579 953579 963579 973579 983579 993579 1003579 1013579 1023579 1033579 1043579 1053579 1063579 1073579 1083579 1093579 1103579 1113579 1123579 1133579 1143579
493579 503579 513579 523579 533579 543579 553579 563579 573579 583579 593579 603579 613579 623579 633579 643579 653579 663579 673579 683579 693579 703579 713579 723579 733579 743579 753579 763579 773579 783579 793579 803579 813579 823579 833579 843579 853579 863579 873579 883579 893579 903579 913579 923579 933579 943579 953579 963579 973579 983579 993579 1003579 1013579 1023579 1033579 1043579 1053579 1063579 1073579 1083579 1093579 1103579 1113579 1123579 1133579 1143579
493579 503579 513579 523579 533579 543579 553579 563579 573579 583579 593579 603579 613579 623579 633579 643579 653579 663579 673579 683579 693579 703579 713579 723579 733579 743579 753579 763579 773579 783579 793579 803579 813579 823579 833579 843579 853579 863579 873579 883579 893579 903579 913579 923579 933579 943579 953579 963579 973579 983579 993579 1003579 1013579 1023579 1033579 1043579 1053579 1063579 1073579 1083579 1093579 1103579 1113579 1123579 1133579 1143579
493579 503579 513579 523579 533579 543579 553579 563579 573579 583579 593579 603579 613579 623579 633579 643579 653579 663579 673579 683579 693579 703579 713579 723579 733579 743579 753579 763579 773579 783579 793579 803579 813579 823579 833579 843579 853579 863579 873579 883579 893579 903579 913579 923579 933579 943579 953579 963579 973579 983579 993579 1003579 1013579 1023579 1033579 1043579 1053579 1063579 1073579 1083579 1093579 1103579 1113579 1123579 1133579 1143579
493579 503579 513579 523579 533579 543579 553579 563579 573579 583579 593579 603579 613579 623579 633579 643579 653579 663579 673579 683579 693579 703579 713579 723579 733579 743579 753579 763579 773579 783579 793579 803579 813579 823579 833579 843579 853579 863579 873579 883579 893579 903579 913579 923579 933579 943579 953579 963579 973579 983579 993579 1003579 1013579 1023579 1033579 1043579 1053579 1063579 1073579 1083579 1093579 1103579 1113579 1123579 1133579 1143579
493579 503579 513579 523579 533579 543579 553579 563579 573579 583579 593579 603579 613579 623579 633579 643579 653579 663579 673579 683579 693579 703579 713579 723579 733579 743579 753579 763579 773579 783579 793579 803579 813579 823579 833579 843579 853579 863579 873579 883579 893579 903579 913579 923579 933579 943579 953579 963579 973579 983579 993579 1003579 1013579 1023579 1033579 1043579 1053579 1063579 1073579 1083579 1093579 1103579 1113579 1123579 1133579 1143579
493579 503579 513579 523579 533579 543579 553579 563579 573579 583579 593579 603579 613579 623579 633579 643579 653579 663579 673579 683579 693579 703579 713579 723579 733579 743579 753579 763579 773579 783579 793579 803579 813579 823579 833579 843579 853579 863579 873579 883579 893579 903579 913579 923579 933579 943579 953579 963579 973579 983579 993579 1003579 1013579 1023579 1033579 1043579 1053579 1063579 1073579 1083579 1093579 1103579 1113579 1123579 1133579 1143579
493579 503579 513579 523579 533579 543579 553579 563579 573579 583579 593579 603579 613579 623579 633579 643579 653579 663579 673579 683579 693579 703579 713579 723579 733579 743579 753579 763579 773579 783579 793579 803579 813579 823579 833579 843579 853579 863579 873579 883579 893579 903579 913579 923579 933579 943579 953579 963579 973579 983579 993579 1003579 1013579 1023579 1033579 1043579 1053579 1063579 1073579 1083579 1093579 1103579 1113579 1123579 1133579 1143579
493579 503579 513579 523579 533579 543579 553579 563579 573579 583579 593579 603579 613579 623579 633579 643579 653579 663579 673579 683579 693579 703579 713579 723579 733579 743579 753579 763579 773579 783579 793579 803579 813579 823579 833579 843579 853579 863579 873579 883579 893579 903579 913579 923579 933579 943579 953579 963579 973579 983579 993579 1003579 1013579 1023579 1033579 1043579 1053579 1063579 1073579 1083579 1093579 1103579 1113579 1123579 1133579 1143579
493579 503579 513579 523579 533579 543579 553579 563579 573579 583579 593579 603579 613579 623579 633579 643579 653579 663579 673579 683579 693579 703579 713579 723579 733579 743579 753579 763579 773579 783579 793579 803579 813579 823579 833579 843579 853579 863579 873579 883579 893579 903579 913579 923579 933579 943579 953579 963579 973579 983579 993579 1003579 1013579 1023579 1033579 1043579 1053579 1063579 1073579 1083579 1093579 1103579 1113579 1123579 1133579 1143579
493579 503579 513579 523579 533579 543579 553579 563579 573579 583579 593579 603579 613579 623579 633579 643579 653579 663579 673579 683579 693579 703579 713579 723579 733579 743579 753579 763579 773579 783579 793579 803579 813579 823579 833579 843579 853579 863579 873579 883579 893579 903579 913579 923579 933579 943579 953579 963579 973579 983579 993579 1003579 1013579 1023579 1033579 1043579 1053579 1063579 1073579 1083579 1093579 1103579 1113579 1123579 1133579 1143579
