ascConverter/East-Europe.asc
ncols         678
nrows         577
xllcorner     -3471421,7239575
yllcorner     -1738905,2826044
cellsize      10000
NODATA_value  -9999
[rows 522 to 550 of 577, columns 66 to 131 of 678]
-2806421 -2796421 -2786421 -2776421 -2766421 -2756421 -2746421 -2736421 -2726421 -2716421 -2706421 -2696421 -2686421 -2676421 -2666421 -2656421 -2646421 -2636421 -2626421 -2616421 -2606421 -2596421 -2586421 -2576421 -2566421 -2556421 -2546421 -2536421 -2526421 -2516421 -2506421 -2496421 -2486421 -2476421 -2466421 -2456421 -2446421 -2436421 -2426421 -2416421 -2406421 -2396421 -2386421 -2376421 -2366421 -2356421 -2346421 -2336421 -2326421 -2316421 -2306421 -2296421 -2286421 -2276421 -2266421 -2256421 -2246421 -2236421 -2226421 -2216421 -2206421 -2196421 -2186421 -2176421 -2166421 -2156421
-2806421 -2796421 -2786421 -2776421 -2766421 -2756421 -2746421 -2736421 -2726421 -2716421 -2706421 -2696421 -2686421 -2676421 -2666421 -2656421 -2646421 -2636421 -2626421 -2616421 -2606421 -2596421 -2586421 -2576421 -2566421 -2556421 -2546421 -2536421 -2526421 -2516421 -2506421 -2496421 -2486421 -2476421 -2466421 -2456421 -2446421 -2436421 -2426421 -2416421 -2406421 -2396421 -2386421 -2376421 -2366421 -2356421 -2346421 -2336421 -2326421 -2316421 -2306421 -2296421 -2286421 -2276421 -2266421 -2256421 -2246421 -2236421 -2226421 -2216421 -2206421 -2196421 -2186421 -2176421 -2166421 -2156421
-2806421 -2796421 -2786421 -2776421 -2766421 -2756421 -2746421 -2736421 -2726421 -2716421 -2706421 -2696421 -2686421 -2676421 -2666421 -2656421 -2646421 -2636421 -2626421 -2616421 -2606421 -2596421 -2586421 -2576421 -2566421 -2556421 -2546421 -2536421 -2526421 -2516421 -2506421 -2496421 -2486421 -2476421 -2466421 -2456421 -2446421 -2436421 -2426421 -2416421 -2406421 -2396421 -2386421 -2376421 -2366421 -2356421 -2346421 -2336421 -2326421 -2316421 -2306421 -2296421 -2286421 -2276421 -2266421 -2256421 -2246421 -2236421 -2226421 -2216421 -2206421 -2196421 -2186421 -2176421 -2166421 -2156421
-2806421 -2796421 -2786421 -2776421 -2766421 -2756421 -2746421 -2736421 -2726421 -2716421 -2706421 -2696421 -2686421 -2676421 -2666421 -2656421 -2646421 -2636421 -2626421 -2616421 -2606421 -2596421 -2586421 -2576421 -2566421 -2556421 -2546421 -2536421 -2526421 -2516421 -2506421 -2496421 -2486421 -2476421 -2466421 -2456421 -2446421 -2436421 -2426421 -2416421 -2406421 -2396421 -2386421 -2376421 -2366421 -2356421 -2346421 -2336421 -2326421 -2316421 -2306421 -2296421 -2286421 -2276421 -2266421 -2256421 -2246421 -2236421 -2226421 -2216421 -2206421 -2196421 -2186421 -2176421 -2166421 -2156421
-2806421 -2796421 -2786421 -2776421 -2766421 -2756421 -2746421 -2736421 -2726421 -2716421 -2706421 -2696421 -2686421 -2676421 -2666421 -2656421 -2646421 -2636421 -2626421 -2616421 -2606421 -2596421 -2586421 -2576421 -2566421 -2556421 -2546421 -2536421 -2526421 -2516421 -2506421 -2496421 -2486421 -2476421 -2466421 -2456421 -2446421 -2436421 -2426421 -2416421 -2406421 -2396421 -2386421 -2376421 -2366421 -2356421 -2346421 -2336421 -2326421 -2316421 -2306421 -2296421 -2286421 -2276421 -2266421 -2256421 -2246421 -2236421 -2226421 -2216421 -2206421 -2196421 -2186421 -2176421 -2166421 -2156421
-2806421 -2796421 -2786421 -2776421 -2766421 -2756421 -2746421 -2736421 -2726421 -2716421 -2706421 -2696421 -2686421 -2676421 -2666421 -2656421 -2646421 -2636421 -2626421 -2616421 -2606421 -2596421 -2586421 -2576421 -2566421 -2556421 -2546421 -2536421 -2526421 -2516421 -2506421 -2496421 -2486421 -2476421 -2466421 -2456421 -2446421 -2436421 -2426421 -2416421 -2406421 -2396421 -2386421 -2376421 -2366421 -2356421 -2346421 -2336421 -2326421 -2316421 -2306421 -2296421 -2286421 -2276421 -2266421 -2256421 -2246421 -2236421 -2226421 -2216421 -2206421 -2196421 -2186421 -2176421 -2166421 -2156421
-2806421 -2796421 -2786421 -2776421 -2766421 -2756421 -2746421 -2736421 -2726421 -2716421 -2706421 -2696421 -2686421 -2676421 -2666421 -2656421 -2646421 -2636421 -2626421 -2616421 -2606421 -2596421 -2586421 -2576421 -2566421 -2556421 -2546421 -2536421 -2526421 -2516421 -2506421 -2496421 -2486421 -2476421 -2466421 -2456421 -2446421 -2436421 -2426421 -2416421 -2406421 -2396421 -2386421 -2376421 -2366421 -2356421 -2346421 -2336421 -2326421 -2316421 -2306421 -2296421 -2286421 -2276421 -2266421 -2256421 -2246421 -2236421 -2226421 -2216421 -2206421 -2196421 -2186421 -2176421 -2166421 -2156421
-2806421 -2796421 -2786421 -2776421 -2766421 -2756421 -2746421 -2736421 -2726421 -2716421 -2706421 -2696421 -2686421 -2676421 -2666421 -2656421 -2646421 -2636421 -2626421 -2616421 -2606421 -2596421 -2586421 -2576421 -2566421 -2556421 -2546421 -2536421 -2526421 -2516421 -2506421 -2496421 -2486421 -2476421 -2466421 -2456421 -2446421 -2436421 -2426421 -2416421 -2406421 -2396421 -2386421 -2376421 -2366421 -2356421 -2346421 -2336421 -2326421 -2316421 -2306421 -2296421 -2286421 -2276421 -2266421 -2256421 -2246421 -2236421 -2226421 -2216421 -2206421 -2196421 -2186421 -2176421 -2166421 -2156421
-2806421 -2796421 -2786421 -2776421 -2766421 -2756421 -2746421 -2736421 -2726421 -2716421 -2706421 -2696421 -2686421 -2676421 -2666421 -2656421 -2646421 -2636421 -2626421 -2616421 -2606421 -2596421 -2586421 -2576421 -2566421 -2556421 -2546421 -2536421 -2526421 -2516421 -2506421 -2496421 -2486421 -2476421 -2466421 -2456421 -2446421 -2436421 -2426421 -2416421 -2406421 -2396421 -2386421 -2376421 -2366421 -2356421 -2346421 -2336421 -2326421 -2316421 -2306421 -2296421 -2286421 -2276421 -2266421 -2256421 -2246421 -2236421 -2226421 -2216421 -2206421 -2196421 -2186421 -2176421 -2166421 -2156421
-2806421 -2796421 -2786421 -2776421 -2766421 -2756421 -2746421 -2736421 -2726421 -2716421 -2706421 -2696421 -2686421 -2676421 -2666421 -2656421 -2646421 -2636421 -2626421 -2616421 -2606421 -2596421 -2586421 -2576421 -2566421 -2556421 -2546421 -2536421 -2526421 -2516421 -2506421 -2496421 -2486421 -2476421 -2466421 -2456421 -2446421 -2436421 -2426421 -2416421 -2406421 -2396421 -2386421 -2376421 -2366421 -2356421 -2346421 -2336421 -2326421 -2316421 -2306421 -2296421 -2286421 -2276421 -2266421 -2256421 -2246421 -2236421 -2226421 -2216421 -2206421 -2196421 -2186421 -2176421 -2166421 -2156421
-2806421 -2796421 -2786421 -2776421 -2766421 -2756421 -2746421 -2736421 -2726421 -2716421 -2706421 -2696421 -2686421 -2676421 -2666421 -2656421 -2646421 -2636421 -2626421 -2616421 -2606421 -2596421 -2586421 -2576421 -2566421 -2556421 -2546421 -2536421 -2526421 -2516421 -2506421 -2496421 -2486421 -2476421 -2466421 -2456421 -2446421 -2436421 -2426421 -2416421 -2406421 -2396421 -2386421 -2376421 -2366421 -2356421 -2346421 -2336421 -2326421 -2316421 -2306421 -2296421 -2286421 -2276421 -2266421 -2256421 -2246421 -2236421 -2226421 -2216421 -2206421 -2196421 -2186421 -2176421 -2166421 -2156421
-2806421 -2796421 -2786421 -2776421 -2766421 -2756421 -2746421 -2736421 -2726421 -2716421 -2706421 -2696421 -2686421 -2676421 -2666421 -2656421 -2646421 -2636421 -2626421 -2616421 -2606421 -2596421 -2586421 -2576421 -2566421 -2556421 -2546421 -2536421 -2526421 -2516421 -2506421 -2496421 -2486421 -2476421 -2466421 -2456421 -2446421 -2436421 -2426421 -2416421 -2406421 -2396421 -2386421 -2376421 -2366421 -2356421 -2346421 -2336421 -2326421 -2316421 -2306421 -2296421 -2286421 -2276421 -2266421 -2256421 -2246421 -2236421 -2226421 -2216421 -2206421 -2196421 -2186421 -2176421 -2166421 -2156421
-2806421 -2796421 -2786421 -2776421 -2766421 -2756421 -2746421 -2736421 -2726421 -2716421 -2706421 -2696421 -2686421 -2676421 -2666421 -2656421 -2646421 -2636421 -2626421 -2616421 -2606421 -2596421 -2586421 -2576421 -2566421 -2556421 -2546421 -2536421 -2526421 -2516421 -2506421 -2496421 -2486421 -2476421 -2466421 -2456421 -2446421 -2436421 -2426421 -2416421 -2406421 -2396421 -2386421 -2376421 -2366421 -2356421 -2346421 -2336421 -2326421 -2316421 -2306421 -2296421 -2286421 -2276421 -2266421 -2256421 -2246421 -2236421 -2226421 -2216421 -2206421 -2196421 -2186421 -2176421 -2166421 -2156421
-2806421 -2796421 -2786421 -2776421 -2766421 -2756421 -2746421 -2736421 -2726421 -2716421 -2706421 -2696421 -2686421 -2676421 -2666421 -2656421 -2646421 -2636421 -2626421 -2616421 -2606421 -2596421 -2586421 -2576421 -2566421 -2556421 -2546421 -2536421 -2526421 -2516421 -2506421 -2496421 -2486421 -2476421 -2466421 -2456421 -2446421 -2436421 -2426421 -2416421 -2406421 -2396421 -2386421 -2376421 -2366421 -2356421 -2346421 -2336421 -2326421 -2316421 -2306421 -2296421 -2286421 -2276421 -2266421 -2256421 -2246421 -2236421 -2226421 -2216421 -2206421 -2196421 -2186421 -2176421 -2166421 -2156421
-2806421 -2796421 -2786421 -2776421 -2766421 -2756421 -2746421 -2736421 -2726421 -2716421 -2706421 -2696421 -2686421 -2676421 -2666421 -2656421 -2646421 -2636421 -2626421 -2616421 -2606421 -2596421 -2586421 -2576421 -2566421 -2556421 -2546421 -2536421 -2526421 -2516421 -2506421 -2496421 -2486421 -2476421 -2466421 -2456421 -2446421 -2436421 -2426421 -2416421 -2406421 -2396421 -2386421 -2376421 -2366421 -2356421 -2346421 -2336421 -2326421 -2316421 -2306421 -2296421 -2286421 -2276421 -2266421 -2256421 -2246421 -2236421 -2226421 -2216421 -2206421 -2196421 -2186421 -2176421 -2166421 -2156421
-2806421 -2796421 -2786421 -2776421 -2766421 -2756421 -2746421 -2736421 -2726421 -2716421 -2706421 -2696421 -2686421 -2676421 -2666421 -2656421 -2646421 -2636421 -2626421 -2616421 -2606421 -2596421 -2586421 -2576421 -2566421 -2556421 -2546421 -2536421 -2526421 -2516421 -2506421 -2496421 -2486421 -2476421 -2466421 -2456421 -2446421 -2436421 -2426421 -2416421 -2406421 -2396421 -2386421 -2376421 -2366421 -2356421 -2346421 -2336421 -2326421 -2316421 -2306421 -2296421 -2286421 -2276421 -2266421 -2256421 -2246421 -2236421 -2226421 -2216421 -2206421 -2196421 -2186421 -2176421 -2166421 -2156421
-2806421 -2796421 -2786421 -2776421 -2766421 -2756421 -2746421 -2736421 -2726421 -2716421 -2706421 -2696421 -2686421 -2676421 -2666421 -2656421 -2646421 -2636421 -2626421 -2616421 -2606421 -2596421 -2586421 -2576421 -2566421 -2556421 -2546421 -2536421 -2526421 -2516421 -2506421 -2496421 -2486421 -2476421 -2466421 -2456421 -2446421 -2436421 -2426421 -2416421 -2406421 -2396421 -2386421 -2376421 -2366421 -2356421 -2346421 -2336421 -2326421 -2316421 -2306421 -2296421 -2286421 -2276421 -2266421 -2256421 -2246421 -2236421 -2226421 -2216421 -2206421 -2196421 -2186421 -2176421 -2166421 -2156421
-2806421 -2796421 -2786421 -2776421 -2766421 -2756421 -2746421 -2736421 -2726421 -2716421 -2706421 -2696421 -2686421 -2676421 -2666421 -2656421 -2646421 -2636421 -2626421 -2616421 -2606421 -2596421 -2586421 -2576421 -2566421 -2556421 -2546421 -2536421 -2526421 -2516421 -2506421 -2496421 -2486421 -2476421 -2466421 -2456421 -2446421 -2436421 -2426421 -2416421 -2406421 -2396421 -2386421 -2376421 -2366421 -2356421 -2346421 -2336421 -2326421 -2316421 -2306421 -2296421 -2286421 -2276421 -2266421 -2256421 -2246421 -2236421 -2226421 -2216421 -2206421 -2196421 -2186421 -2176421 -2166421 -2156421
-2806421 -2796421 -2786421 -2776421 -2766421 -2756421 -2746421 -2736421 -2726421 -2716421 -2706421 -2696421 -2686421 -2676421 -2666421 -2656421 -2646421 -2636421 -2626421 -2616421 -2606421 -2596421 -2586421 -2576421 -2566421 -2556421 -2546421 -2536421 -2526421 -2516421 -2506421 -2496421 -2486421 -2476421 -2466421 -2456421 -2446421 -2436421 -2426421 -2416421 -2406421 -2396421 -2386421 -2376421 -2366421 -2356421 -2346421 -2336421 -2326421 -2316421 -2306421 -2296421 -2286421 -2276421 -2266421 -2256421 -2246421 -2236421 -2226421 -2216421 -2206421 -2196421 -2186421 -2176421 -2166421 -2156421
-2806421 -2796421 -2786421 -2776421 -2766421 -2756421 -2746421 -2736421 -2726421 -2716421 -2706421 -2696421 -2686421 -2676421 -2666421 -2656421 -2646421 -2636421 -2626421 -2616421 -2606421 -2596421 -2586421 -2576421 -2566421 -2556421 -2546421 -2536421 -2526421 -2516421 -2506421 -2496421 -2486421 -2476421 -2466421 -2456421 -2446421 -2436421 -2426421 -2416421 -2406421 -2396421 -2386421 -2376421 -2366421 -2356421 -2346421 -2336421 -2326421 -2316421 -2306421 -2296421 -2286421 -2276421 -2266421 -2256421 -2246421 -2236421 -2226421 -2216421 -2206421 -2196421 -2186421 -2176421 -2166421 -2156421
-2806421 -2796421 -2786421 -2776421 -2766421 -2756421 -2746421 -2736421 -2726421 -2716421 -2706421 -2696421 -2686421 -2676421 -2666421 -2656421 -2646421 -2636421 -2626421 -2616421 -2606421 -2596421 -2586421 -2576421 -2566421 -2556421 -2546421 -2536421 -2526421 -2516421 -2506421 -2496421 -2486421 -2476421 -2466421 -2456421 -2446421 -2436421 -2426421 -2416421 -2406421 -2396421 -2386421 -2376421 -2366421 -2356421 -2346421 -2336421 -2326421 -2316421 -2306421 -2296421 -2286421 -2276421 -2266421 -2256421 -2246421 -2236421 -2226421 -2216421 -2206421 -2196421 -2186421 -2176421 -2166421 -2156421
-2806421 -2796421 -2786421 -2776421 -2766421 -2756421 -2746421 -2736421 -2726421 -2716421 -2706421 -2696421 -2686421 -2676421 -2666421 -2656421 -2646421 -2636421 -2626421 -2616421 -2606421 -2596421 -2586421 -2576421 -2566421 -2556421 -2546421 -2536421 -2526421 -2516421 -2506421 -2496421 -2486421 -2476421 -2466421 -2456421 -2446421 -2436421 -2426421 -2416421 -2406421 -2396421 -2386421 -2376421 -2366421 -2356421 -2346421 -2336421 -2326421 -2316421 -2306421 -2296421 -2286421 -2276421 -2266421 -2256421 -2246421 -2236421 -2226421 -2216421 -2206421 -2196421 -2186421 -2176421 -2166421 -2156421
-2806421 -2796421 -2786421 -2776421 -2766421 -2756421 -2746421 -2736421 -2726421 -2716421 -2706421 -2696421 -2686421 -2676421 -2666421 -2656421 -2646421 -2636421 -2626421 -2616421 -2606421 -2596421 -2586421 -2576421 -2566421 -2556421 -2546421 -2536421 -2526421 -2516421 -2506421 -2496421 -2486421 -2476421 -2466421 -2456421 -2446421 -2436421 -2426421 -2416421 -2406421 -2396421 -2386421 -2376421 -2366421 -2356421 -2346421 -2336421 -2326421 -2316421 -2306421 -2296421 -2286421 -2276421 -2266421 -2256421 -2246421 -2236421 -2226421 -2216421 -2206421 -2196421 -2186421 -2176421 -2166421 -2156421
-2806421 -2796421 -2786421 -2776421 -2766421 -2756421 -2746421 -2736421 -2726421 -2716421 -2706421 -2696421 -2686421 -2676421 -2666421 -2656421 -2646421 -2636421 -2626421 -2616421 -2606421 -2596421 -2586421 -2576421 -2566421 -2556421 -2546421 -2536421 -2526421 -2516421 -2506421 -2496421 -2486421 -2476421 -2466421 -2456421 -2446421 -2436421 -2426421 -2416421 -2406421 -2396421 -2386421 -2376421 -2366421 -2356421 -2346421 -2336421 -2326421 -2316421 -2306421 -2296421 -2286421 -2276421 -2266421 -2256421 -2246421 -2236421 -2226421 -2216421 -2206421 -2196421 -2186421 -2176421 -2166421 -2156421
-2806421 -2796421 -2786421 -2776421 -2766421 -2756421 -2746421 -2736421 -2726421 -2716421 -2706421 -2696421 -2686421 -2676421 -2666421 -2656421 -2646421 -2636421 -2626421 -2616421 -2606421 -2596421 -2586421 -2576421 -2566421 -2556421 -2546421 -2536421 -2526421 -2516421 -2506421 -2496421 -2486421 -2476421 -2466421 -2456421 -2446421 -2436421 -2426421 -2416421 -2406421 -2396421 -2386421 -2376421 -2366421 -2356421 -2346421 -2336421 -2326421 -2316421 -2306421 -2296421 -2286421 -2276421 -2266421 -2256421 -2246421 -2236421 -2226421 -2216421 -2206421 -2196421 -2186421 -2176421 -2166421 -2156421
-2806421 -2796421 -2786421 -2776421 -2766421 -2756421 -2746421 -2736421 -2726421 -2716421 -2706421 -2696421 -2686421 -2676421 -2666421 -2656421 -2646421 -2636421 -2626421 -2616421 -2606421 -2596421 -2586421 -2576421 -2566421 -2556421 -2546421 -2536421 -2526421 -2516421 -2506421 -2496421 -2486421 -2476421 -2466421 -2456421 -2446421 -2436421 -2426421 -2416421 -2406421 -2396421 -2386421 -2376421 -2366421 -2356421 -2346421 -2336421 -2326421 -2316421 -2306421 -2296421 -2286421 -2276421 -2266421 -2256421 -2246421 -2236421 -2226421 -2216421 -2206421 -2196421 -2186421 -2176421 -2166421 -2156421
-2806421 -2796421 -2786421 -2776421 -2766421 -2756421 -2746421 -2736421 -2726421 -2716421 -2706421 -2696421 -2686421 -2676421 -2666421 -2656421 -2646421 -2636421 -2626421 -2616421 -2606421 -2596421 -2586421 -2576421 -2566421 -2556421 -2546421 -2536421 -2526421 -2516421 -2506421 -2496421 -2486421 -2476421 -2466421 -2456421 -2446421 -2436421 -2426421 -2416421 -2406421 -2396421 -2386421 -2376421 -2366421 -2356421 -2346421 -2336421 -2326421 -2316421 -2306421 -2296421 -2286421 -2276421 -2266421 -2256421 -2246421 -2236421 -2226421 -2216421 -2206421 -2196421 -2186421 -2176421 -2166421 -2156421
-2806421 -2796421 -2786421 -2776421 -2766421 -2756421 -2746421 -2736421 -2726421 -2716421 -2706421 -2696421 -2686421 -2676421 -2666421 -2656421 -2646421 -2636421 -2626421 -2616421 -2606421 -2596421 -2586421 -2576421 -2566421 -2556421 -2546421 -2536421 -2526421 -2516421 -2506421 -2496421 -2486421 -2476421 -2466421 -2456421 -2446421 -2436421 -2426421 -2416421 -2406421 -2396421 -2386421 -2376421 -2366421 -2356421 -2346421 -2336421 -2326421 -2316421 -2306421 -2296421 -2286421 -2276421 -2266421 -2256421 -2246421 -2236421 -2226421 -2216421 -2206421 -2196421 -2186421 -2176421 -2166421 -2156421
-2806421 -2796421 -2786421 -2776421 -2766421 -2756421 -2746421 -2736421 -2726421 -2716421 -2706421 -2696421 -2686421 -2676421 -2666421 -2656421 -2646421 -2636421 -2626421 -2616421 -2606421 -2596421 -2586421 -2576421 -2566421 -2556421 -2546421 -2536421 -2526421 -2516421 -2506421 -2496421 -2486421 -2476421 -2466421 -2456421 -2446421 -2436421 -2426421 -2416421 -2406421 -2396421 -2386421 -2376421 -2366421 -2356421 -2346421 -2336421 -2326421 -2316421 -2306421 -2296421 -2286421 -2276421 -2266421 -2256421 -2246421 -2236421 -2226421 -2216421 -2206421 -2196421 -2186421 -2176421 -2166421 -2156421
