ascConverter/East-Europe.asc
ncols         678
nrows         577
xllcorner     -3471421,7239575
yllcorner     -1738905,2826044
cellsize      10000
NODATA_value  -9999
[rows 406 to 434 of 577, columns 528 to 593 of 678]
1813579 1823579 1833579 1843579 1853579 1863579 1873579 1883579 1893579 1903579 1913579 1923579 1933579 1943579 1953579 1963579 1973579 1983579 1993579 2003579 2013579 2023579 2033579 2043579 2053579 2063579 2073579 2083579 2093579 2103579 2113579 2123579 2133579 2143579 2153579 2163579 2173579 2183579 2193579 2203579 2213579 2223579 2233579 2243579 2253579 2263579 2273579 2283579 2293579 2303579 2313579 2323579 2333579 2343579 2353579 2363579 2373579 2383579 2393579 2403579 2413579 2423579 2433579 2443579 2453579 2463579
1813579 1823579 1833579 1843579 1853579 1863579 1873579 1883579 1893579 1903579 1913579 1923579 1933579 1943579 1953579 1963579 1973579 1983579 1993579 2003579 2013579 2023579 2033579 2043579 2053579 2063579 2073579 2083579 2093579 2103579 2113579 2123579 2133579 2143579 2153579 2163579 2173579 2183579 2193579 2203579 2213579 2223579 2233579 2243579 2253579 2263579 2273579 2283579 2293579 2303579 2313579 2323579 2333579 2343579 2353579 2363579 2373579 2383579 2393579 2403579 2413579 2423579 2433579 2443579 2453579 2463579
1813579 1823579 1833579 1843579 1853579 1863579 1873579 1883579 1893579 1903579 1913579 1923579 1933579 1943579 1953579 1963579 1973579 1983579 1993579 2003579 2013579 2023579 2033579 2043579 2053579 2063579 2073579 2083579 2093579 2103579 2113579 2123579 2133579 2143579 2153579 2163579 2173579 2183579 2193579 2203579 2213579 2223579 2233579 2243579 2253579 2263579 2273579 2283579 2293579 2303579 2313579 2323579 2333579 2343579 2353579 2363579 2373579 2383579 2393579 2403579 2413579 2423579 2433579 2443579 2453579 2463579
1813579 1823579 1833579 1843579 1853579 1863579 1873579 1883579 1893579 1903579 1913579 1923579 1933579 1943579 1953579 1963579 1973579 1983579 1993579 2003579 2013579 2023579 2033579 2043579 2053579 2063579 2073579 2083579 2093579 2103579 2113579 2123579 2133579 2143579 2153579 2163579 2173579 2183579 2193579 2203579 2213579 2223579 2233579 2243579 2253579 2263579 2273579 2283579 2293579 2303579 2313579 2323579 2333579 2343579 2353579 2363579 2373579 2383579 2393579 2403579 2413579 2423579 2433579 2443579 2453579 2463579
1813579 1823579 1833579 1843579 1853579 1863579 1873579 1883579 1893579 1903579 1913579 1923579 1933579 1943579 1953579 1963579 1973579 1983579 1993579 2003579 2013579 2023579 2033579 2043579 2053579 2063579 2073579 2083579 2093579 2103579 2113579 2123579 2133579 2143579 2153579 2163579 2173579 2183579 2193579 2203579 2213579 2223579 2233579 2243579 2253579 2263579 2273579 2283579 2293579 2303579 2313579 2323579 2333579 2343579 2353579 2363579 2373579 2383579 2393579 2403579 2413579 2423579 2433579 2443579 2453579 2463579
1813579 1823579 1833579 1843579 1853579 1863579 1873579 1883579 1893579 1903579 1913579 1923579 1933579 1943579 1953579 1963579 1973579 1983579 1993579 2003579 2013579 2023579 2033579 2043579 2053579 2063579 2073579 2083579 2093579 2103579 2113579 2123579 2133579 2143579 2153579 2163579 2173579 2183579 2193579 2203579 2213579 2223579 2233579 2243579 2253579 2263579 2273579 2283579 2293579 2303579 2313579 2323579 2333579 2343579 2353579 2363579 2373579 2383579 2393579 2403579 2413579 2423579 2433579 2443579 2453579 2463579
1813579 1823579 1833579 1843579 1853579 1863579 1873579 1883579 1893579 1903579 1913579 1923579 1933579 1943579 1953579 1963579 1973579 1983579 1993579 2003579 2013579 2023579 2033579 2043579 2053579 2063579 2073579 2083579 2093579 2103579 2113579 2123579 2133579 2143579 2153579 2163579 2173579 2183579 2193579 2203579 2213579 2223579 2233579 2243579 2253579 2263579 2273579 2283579 2293579 2303579 2313579 2323579 2333579 2343579 2353579 2363579 2373579 2383579 2393579 2403579 2413579 2423579 2433579 2443579 2453579 2463579
1813579 1823579 1833579 1843579 1853579 1863579 1873579 1883579 1893579 1903579 1913579 1923579 1933579 1943579 1953579 1963579 1973579 1983579 1993579 2003579 2013579 2023579 2033579 2043579 2053579 2063579 2073579 2083579 2093579 2103579 2113579 2123579 2133579 2143579 2153579 2163579 2173579 2183579 2193579 2203579 2213579 2223579 2233579 2243579 2253579 2263579 2273579 2283579 2293579 2303579 2313579 2323579 2333579 2343579 2353579 2363579 2373579 2383579 2393579 2403579 2413579 2423579 2433579 2443579 2453579 2463579
1813579 1823579 1833579 1843579 1853579 1863579 1873579 1883579 1893579 1903579 1913579 1923579 1933579 1943579 1953579 1963579 1973579 1983579 1993579 2003579 2013579 2023579 2033579 2043579 2053579 2063579 2073579 2083579 2093579 2103579 2113579 2123579 2133579 2143579 2153579 2163579 2173579 2183579 2193579 2203579 2213579 2223579 2233579 2243579 2253579 2263579 2273579 2283579 2293579 2303579 2313579 2323579 2333579 2343579 2353579 2363579 2373579 2383579 2393579 2403579 2413579 2423579 2433579 2443579 2453579 2463579
1813579 1823579 1833579 1843579 1853579 1863579 1873579 1883579 1893579 1903579 1913579 1923579 1933579 1943579 1953579 1963579 1973579 1983579 1993579 2003579 2013579 2023579 2033579 2043579 2053579 2063579 2073579 2083579 2093579 2103579 2113579 2123579 2133579 2143579 2153579 2163579 2173579 2183579 2193579 2203579 2213579 2223579 2233579 2243579 2253579 2263579 2273579 2283579 2293579 2303579 2313579 2323579 2333579 2343579 2353579 2363579 2373579 2383579 2393579 2403579 2413579 2423579 2433579 2443579 2453579 2463579
1813579 1823579 1833579 1843579 1853579 1863579 1873579 1883579 1893579 1903579 1913579 1923579 1933579 1943579 1953579 1963579 1973579 1983579 1993579 2003579 2013579 2023579 2033579 2043579 2053579 2063579 2073579 2083579 2093579 2103579 2113579 2123579 2133579 2143579 2153579 2163579 2173579 2183579 2193579 2203579 2213579 2223579 2233579 2243579 2253579 2263579 2273579 2283579 2293579 2303579 2313579 2323579 2333579 2343579 2353579 2363579 2373579 2383579 2393579 2403579 2413579 2423579 2433579 2443579 2453579 2463579
1813579 1823579 1833579 1843579 1853579 1863579 1873579 1883579 1893579 1903579 1913579 1923579 1933579 1943579 1953579 1963579 1973579 1983579 1993579 2003579 2013579 2023579 2033579 2043579 2053579 2063579 2073579 2083579 2093579 2103579 2113579 2123579 2133579 2143579 2153579 2163579 2173579 2183579 2193579 2203579 2213579 2223579 2233579 2243579 2253579 2263579 2273579 2283579 2293579 2303579 2313579 2323579 2333579 2343579 2353579 2363579 2373579 2383579 2393579 2403579 2413579 2423579 2433579 2443579 2453579 2463579
1813579 1823579 1833579 1843579 1853579 1863579 1873579 1883579 1893579 1903579 1913579 1923579 1933579 1943579 1953579 1963579 1973579 1983579 1993579 2003579 2013579 2023579 2033579 2043579 2053579 2063579 2073579 2083579 2093579 2103579 2113579 2123579 2133579 2143579 2153579 2163579 2173579 2183579 2193579 2203579 2213579 2223579 2233579 2243579 2253579 2263579 2273579 2283579 2293579 2303579 2313579 2323579 2333579 2343579 2353579 2363579 2373579 2383579 2393579 2403579 2413579 2423579 2433579 2443579 2453579 2463579
1813579 1823579 1833579 1843579 1853579 1863579 1873579 1883579 1893579 1903579 1913579 1923579 1933579 1943579 1953579 1963579 1973579 1983579 1993579 2003579 2013579 2023579 2033579 2043579 2053579 2063579 2073579 2083579 2093579 2103579 2113579 2123579 2133579 2143579 2153579 2163579 2173579 2183579 2193579 2203579 2213579 2223579 2233579 2243579 2253579 2263579 2273579 2283579 2293579 2303579 2313579 2323579 2333579 2343579 2353579 2363579 2373579 2383579 2393579 2403579 2413579 2423579 2433579 2443579 2453579 2463579
1813579 1823579 1833579 1843579 1853579 1863579 1873579 1883579 1893579 1903579 1913579 1923579 1933579 1943579 1953579 1963579 1973579 1983579 1993579 2003579 2013579 2023579 2033579 2043579 2053579 2063579 2073579 2083579 2093579 2103579 2113579 2123579 2133579 2143579 2153579 2163579 2173579 2183579 2193579 2203579 2213579 2223579 2233579 2243579 2253579 2263579 2273579 2283579 2293579 2303579 2313579 2323579 2333579 2343579 2353579 2363579 2373579 2383579 2393579 2403579 2413579 2423579 2433579 2443579 2453579 2463579
1813579 1823579 1833579 1843579 1853579 1863579 1873579 1883579 1893579 1903579 1913579 1923579 1933579 1943579 1953579 1963579 1973579 1983579 1993579 2003579 2013579 2023579 2033579 2043579 2053579 2063579 2073579 2083579 2093579 2103579 2113579 2123579 2133579 2143579 2153579 2163579 2173579 2183579 2193579 2203579 2213579 2223579 2233579 2243579 2253579 2263579 2273579 2283579 2293579 2303579 2313579 2323579 2333579 2343579 2353579 2363579 2373579 2383579 2393579 2403579 2413579 2423579 2433579 2443579 2453579 2463579
1813579 1823579 1833579 1843579 1853579 1863579 1873579 1883579 1893579 1903579 1913579 1923579 1933579 1943579 1953579 1963579 1973579 1983579 1993579 2003579 2013579 2023579 2033579 2043579 2053579 2063579 2073579 2083579 2093579 2103579 2113579 2123579 2133579 2143579 2153579 2163579 2173579 2183579 2193579 2203579 2213579 2223579 2233579 2243579 2253579 2263579 2273579 2283579 2293579 2303579 2313579 2323579 2333579 2343579 2353579 2363579 2373579 2383579 2393579 2403579 2413579 2423579 2433579 2443579 2453579 2463579
1813579 1823579 1833579 1843579 1853579 1863579 1873579 1883579 1893579 1903579 1913579 1923579 1933579 1943579 1953579 1963579 1973579 1983579 1993579 2003579 2013579 2023579 2033579 2043579 2053579 2063579 2073579 2083579 2093579 2103579 2113579 2123579 2133579 2143579 2153579 2163579 2173579 2183579 2193579 2203579 2213579 2223579 2233579 2243579 2253579 2263579 2273579 2283579 2293579 2303579 2313579 2323579 2333579 2343579 2353579 2363579 2373579 2383579 2393579 2403579 2413579 2423579 2433579 2443579 2453579 2463579
1813579 1823579 1833579 1843579 1853579 1863579 1873579 1883579 1893579 1903579 1913579 1923579 1933579 1943579 1953579 1963579 1973579 1983579 1993579 2003579 2013579 2023579 2033579 2043579 2053579 2063579 2073579 2083579 2093579 2103579 2113579 2123579 2133579 2143579 2153579 2163579 2173579 2183579 2193579 2203579 2213579 2223579 2233579 2243579 2253579 2263579 2273579 2283579 2293579 2303579 2313579 2323579 2333579 2343579 2353579 2363579 2373579 2383579 2393579 2403579 2413579 2423579 2433579 2443579 2453579 2463579
1813579 1823579 1833579 1843579 1853579 1863579 1873579 1883579 1893579 1903579 1913579 1923579 1933579 1943579 1953579 1963579 1973579 1983579 1993579 2003579 2013579 2023579 2033579 2043579 2053579 2063579 2073579 2083579 2093579 2103579 2113579 2123579 2133579 2143579 2153579 2163579 2173579 2183579 2193579 2203579 2213579 2223579 2233579 2243579 2253579 2263579 2273579 2283579 2293579 2303579 2313579 2323579 2333579 2343579 2353579 2363579 2373579 2383579 2393579 2403579 2413579 2423579 2433579 2443579 2453579 2463579
1813579 1823579 1833579 1843579 1853579 1863579 1873579 1883579 1893579 1903579 1913579 1923579 1933579 1943579 1953579 1963579 1973579 1983579 1993579 2003579 2013579 2023579 2033579 2043579 2053579 2063579 2073579 2083579 2093579 2103579 2113579 2123579 2133579 2143579 2153579 2163579 2173579 2183579 2193579 2203579 2213579 2223579 2233579 2243579 2253579 2263579 2273579 2283579 2293579 2303579 2313579 2323579 2333579 2343579 2353579 2363579 2373579 2383579 2393579 2403579 2413579 2423579 2433579 2443579 2453579 2463579
1813579 1823579 1833579 1843579 1853579 1863579 1873579 1883579 1893579 1903579 1913579 1923579 1933579 1943579 1953579 1963579 1973579 1983579 1993579 2003579 2013579 2023579 2033579 2043579 2053579 2063579 2073579 2083579 2093579 2103579 2113579 2123579 2133579 2143579 2153579 2163579 2173579 2183579 2193579 2203579 2213579 2223579 2233579 2243579 2253579 2263579 2273579 2283579 2293579 2303579 2313579 2323579 2333579 2343579 2353579 2363579 2373579 2383579 2393579 2403579 2413579 2423579 2433579 2443579 2453579 2463579
1813579 1823579 1833579 1843579 1853579 1863579 1873579 1883579 1893579 1903579 1913579 1923579 1933579 1943579 1953579 1963579 1973579 1983579 1993579 2003579 2013579 2023579 2033579 2043579 2053579 2063579 2073579 2083579 2093579 2103579 2113579 2123579 2133579 2143579 2153579 2163579 2173579 2183579 2193579 2203579 2213579 2223579 2233579 2243579 2253579 2263579 2273579 2283579 2293579 2303579 2313579 2323579 2333579 2343579 2353579 2363579 2373579 2383579 2393579 2403579 2413579 2423579 2433579 2443579 2453579 2463579
1813579 1823579 1833579 1843579 1853579 1863579 1873579 1883579 1893579 1903579 1913579 1923579 1933579 1943579 1953579 1963579 1973579 1983579 1993579 2003579 2013579 2023579 2033579 2043579 2053579 2063579 2073579 2083579 2093579 2103579 2113579 2123579 2133579 2143579 2153579 2163579 2173579 2183579 2193579 2203579 2213579 2223579 2233579 2243579 2253579 2263579 2273579 2283579 2293579 2303579 2313579 2323579 2333579 2343579 2353579 2363579 2373579 2383579 2393579 2403579 2413579 2423579 2433579 2443579 2453579 2463579
1813579 1823579 1833579 1843579 1853579 1863579 1873579 1883579 1893579 1903579 1913579 1923579 1933579 1943579 1953579 1963579 1973579 1983579 1993579 2003579 2013579 2023579 2033579 2043579 2053579 2063579 2073579 2083579 2093579 2103579 2113579 2123579 2133579 2143579 2153579 2163579 2173579 2183579 2193579 2203579 2213579 2223579 2233579 2243579 2253579 2263579 2273579 2283579 2293579 2303579 2313579 2323579 2333579 2343579 2353579 2363579 2373579 2383579 2393579 2403579 2413579 2423579 2433579 2443579 2453579 2463579
1813579 1823579 1833579 1843579 1853579 1863579 1873579 1883579 1893579 1903579 1913579 1923579 1933579 1943579 1953579 1963579 1973579 1983579 1993579 2003579 2013579 2023579 2033579 2043579 2053579 2063579 2073579 2083579 2093579 2103579 2113579 2123579 2133579 2143579 2153579 2163579 2173579 2183579 2193579 2203579 2213579 2223579 2233579 2243579 2253579 2263579 2273579 2283579 2293579 2303579 2313579 2323579 2333579 2343579 2353579 2363579 2373579 2383579 2393579 2403579 2413579 2423579 2433579 2443579 2453579 2463579
1813579 1823579 1833579 1843579 1853579 1863579 1873579 1883579 1893579 1903579 1913579 1923579 1933579 1943579 1953579 1963579 1973579 1983579 1993579 2003579 2013579 2023579 2033579 2043579 2053579 2063579 2073579 2083579 2093579 2103579 2113579 2123579 2133579 2143579 2153579 2163579 2173579 2183579 2193579 2203579 2213579 2223579 2233579 2243579 2253579 2263579 2273579 2283579 2293579 2303579 2313579 2323579 2333579 2343579 2353579 2363579 2373579 2383579 2393579 2403579 2413579 2423579 2433579 2443579 2453579 2463579
1813579 1823579 1833579 1843579 1853579 1863579 1873579 1883579 1893579 1903579 1913579 1923579 1933579 1943579 1953579 1963579 1973579 1983579 1993579 2003579 2013579 2023579 2033579 2043579 2053579 2063579 2073579 2083579 2093579 2103579 2113579 2123579 2133579 2143579 2153579 2163579 2173579 2183579 2193579 2203579 2213579 2223579 2233579 2243579 2253579 2263579 2273579 2283579 2293579 2303579 2313579 2323579 2333579 2343579 2353579 2363579 2373579 2383579 2393579 2403579 2413579 2423579 2433579 2443579 2453579 2463579
1813579 1823579 1833579 1843579 1853579 1863579 1873579 1883579 1893579 1903579 1913579 1923579 1933579 1943579 1953579 1963579 1973579 1983579 1993579 2003579 2013579 2023579 2033579 2043579 2053579 2063579 2073579 2083579 2093579 2103579 2113579 2123579 2133579 2143579 2153579 2163579 2173579 2183579 2193579 2203579 2213579 2223579 2233579 2243579 2253579 2263579 2273579 2283579 2293579 2303579 2313579 2323579 2333579 2343579 2353579 2363579 2373579 2383579 2393579 2403579 2413579 2423579 2433579 2443579 2453579 2463579
